1.000000000000000000e+00
9.998000723024066394e-01
9.992011553067535745e-01
9.982058361508476807e-01
9.968183934314330807e-01
9.950447491778950937e-01
9.928924036851378698e-01
9.903703545000323016e-01
9.874890010881172131e-01
9.842600368939248279e-01
9.806963306487703758e-01
9.768117988756104264e-01
9.726212715942460507e-01
9.681403532459588179e-01
9.633852808393390532e-01
9.583727812738308538e-01
9.531199297296127915e-01
9.476440109264174794e-01
9.419623849537598348e-01
9.360923592633589863e-01
9.300510682927570771e-01
9.238553620572687031e-01
9.175217049040805817e-01
9.110660854654670793e-01
9.045039386748154886e-01
8.978500805167088927e-01
8.911186559686976594e-01
8.843231003567570969e-01
8.774761140900770862e-01
8.705896504673756864e-01
8.636749159628250849e-01
8.567423821139665829e-01
8.498018078583549073e-01
8.428622709133903879e-01
8.359322065792457179e-01
8.290194521820271056e-01
8.221312952758352832e-01
8.152745236979721533e-01
8.084554756267527953e-01
8.016800879270161717e-01
7.949539412794623949e-01
7.882823008659959330e-01
7.816701517084269080e-01
7.751222281123721913e-01
7.686430370291534864e-01
7.622368754922976830e-01
7.559078425892792330e-01
7.496598466738478850e-01
7.434966086950338671e-01
7.374216626071641301e-01
7.314383538296412857e-01
7.255498366514008257e-01
7.197590713351726954e-01
7.140688214883293972e-01
7.084816520513093074e-01
7.029999280337650980e-01
6.976258139244932988e-01
6.923612735329054413e-01
6.872080699018934258e-01
6.821677648735843258e-01
6.772417178935866700e-01
6.724310837029477961e-01
6.677368086817253579e-01
6.631596257612233369e-01
6.587000479980120726e-01
6.543583610851624321e-01
6.501346152481013441e-01
6.460286171193473370e-01
6.420399222959106700e-01
6.381678293467727414e-01
6.344113760507945621e-01
6.307693386068815578e-01
6.272402344711986988e-01
6.238223293468113662e-01
6.205136486880501456e-01
6.173119938956561636e-01
6.142149631808626609e-01
6.112199768785807619e-01
6.083243068029045020e-01
6.055251090720349394e-01
6.028194596925107174e-01
6.002043920902846441e-01
5.976769357122353465e-01
5.952341547973187819e-01
5.928731864303981025e-01
5.905912770405084000e-01
5.883858165835680332e-01
5.862543697507160978e-01
5.841947036599086651e-01
5.822048116122430228e-01
5.802829326179189673e-01
5.784275665127426302e-01
5.766374845888724288e-01
5.749117357488393587e-01
5.732496482574409580e-01
5.716508272116987976e-01
5.701151478764056035e-01
5.686427450455804333e-01
5.672339985935765938e-01
5.658895153798364497e-01
5.646101076750412728e-01
5.633967682898481932e-01
5.622506426158730974e-01
5.611729978354156323e-01
5.601651896228104777e-01
5.592286267446016090e-01
5.583647340636540557e-01
5.575749145568240639e-01
5.568605110580083783e-01
5.562227685280788370e-01
5.556627977200583324e-01
5.551815411425775615e-01
5.547797422199562956e-01
5.544579184989774090e-01
5.542163396602090009e-01
5.540550109590117733e-01
5.539736625555617966e-01
5.539717450046537373e-01
5.540484309773097138e-01
5.542026230904754103e-01
5.544329675410196723e-01
5.547378730863543606e-01
5.551155347937433149e-01
5.555639618973173821e-01
5.560810090554357821e-01
5.566644102869634514e-01
5.573118148758775536e-01
5.580208245599412864e-01
5.587890313510917029e-01
5.596140553634840753e-01
5.604935820427329185e-01
5.614253981927600501e-01
5.624074261843222677e-01
5.634377557049309315e-01
5.645146723800184008e-01
5.656366825687131339e-01
5.668025336248714297e-01
5.680112289253207436e-01
5.692620370119274575e-01
5.705544942787758034e-01
5.718884007640050449e-01
5.732638087772723434e-01
5.746810043038519389e-01
5.761404813665993441e-01
5.776429097854590688e-01
5.791890970364407254e-01
5.807799451618838038e-01
5.824164039050974129e-01
5.840994214195351919e-01
5.858298940222361750e-01
5.876086165132131667e-01
5.894362345607541132e-01
5.913132005559403881e-01
5.932397341717955408e-01
5.952157886320380564e-01
5.972410234144992502e-01
5.993147838018211271e-01
6.014360873663538998e-01
6.036036171578266218e-01
6.058157210716587082e-01
6.080704166309701675e-01
6.103654002317082661e-01
6.126980597883110446e-01
6.150654896825243911e-01
6.174645069600084302e-01
6.198916678324630780e-01
6.223432837163561659e-01
6.248154362581643806e-01
6.273039910427955501e-01
6.298046099377525575e-01
6.323127622721039787e-01
6.348237352693967273e-01
6.373326443331538416e-01
6.398344439118710536e-01
6.423239397408737617e-01
6.447958032685905394e-01
6.472445890262049639e-01
6.496647555971867272e-01
6.520506906945600090e-01
6.543967406687426491e-01
6.566972445583724172e-01
6.589465725724751310e-01
6.611391686662050349e-01
6.632695966553867617e-01
6.653325891173245132e-01
6.673230981557125574e-01
6.692363469732405257e-01
6.710678811021074663e-01
6.728136180936019617e-01
6.744698944646365657e-01
6.760335087408566590e-01
6.775017595199467335e-01
6.788724776004098072e-01
6.801440513740308891e-01
6.813154448570706290e-01
6.823862079276130643e-01
6.833564785359255156e-01
6.842269768529982699e-01
6.849989915121209583e-01
6.856743582732955922e-01
6.862554315957838380e-01
6.867450497372069584e-01
6.871464941071525612e-01
6.874634436894868639e-01
6.876999254121695104e-01
6.878602613887754291e-01
6.879490139848950525e-01
6.879709296779011884e-01
6.879308826821751710e-01
6.878338193049402527e-01
6.876847039801706751e-01
6.874884678981765251e-01
6.872499611039448730e-01
6.869739088747425226e-01
6.866648731034100672e-01
6.863272193050423686e-01
6.859650897294493621e-01
6.855823828998596214e-01
6.851827397120621166e-01
6.847695360227871175e-01
6.843458814395451117e-01
6.839146238069517825e-01
6.834783586793478083e-01
6.830394428897463843e-01
6.826000111842351892e-01
6.821619948007063838e-01
6.817271408402280075e-01
6.812970313134429912e-01
6.808731008432351572e-01
6.804566521633732545e-01
6.800488687605937832e-01
6.796508242498693342e-01
6.792634883311786664e-01
6.788877294312051225e-01
6.785243143651249476e-01
6.781739055443171127e-01
6.778370563912733404e-01
6.775142056942995428e-01
6.772056716387925279e-01
6.769116461922078942e-01
6.766321904054214409e-01
6.763672310380287600e-01
6.761165587364195151e-01
6.758798278101609824e-01
6.756565574825923459e-01
6.754461343517849103e-01
6.752478157004863091e-01
6.750607332458204990e-01
6.748838969234316476e-01
6.747161983532218299e-01
6.745564137269027816e-01
6.744032059796687406e-01
6.742551262456198957e-01
6.741106147345381494e-01
6.739680012924894603e-01
6.738255060087378068e-01
6.736812402979726055e-01
6.735332089148688972e-01
6.733793133463111813e-01
6.732173569778159283e-01
6.730450523502998772e-01
6.728600307193404184e-01
6.726598540107651125e-01
6.724420291435412311e-01
6.722040245727987084e-01
6.719432888004718274e-01
6.716572705147589861e-01
6.713434399565424426e-01
6.709993110729755017e-01
6.706224640053737307e-01
6.702105674681786418e-01
6.697614006043000057e-01
6.692728739448026154e-01
6.687430491521173526e-01
6.681701572801886924e-01
6.675526153368912530e-01
6.668890409791956575e-01
6.661782652065394439e-01
6.654193429407482263e-01
6.646115613912287889e-01
6.637544461033654253e-01
6.628477645788648509e-01
6.618915273434723412e-01
6.608859863252145583e-01
6.598316304008750022e-01
6.587291779755646282e-01
6.575795664851485922e-01
6.563839387579288864e-01
6.551436262425017754e-01
6.538601292032381052e-01
6.525350941008365435e-01
6.511702885080659087e-01
6.497675740527952826e-01
6.483288780225631154e-01
6.468561643966403985e-01
6.453514051817512698e-01
6.438165530054095198e-01
6.422535159567097640e-01
6.406641356507988272e-01
6.390501694256308651e-01
6.374132774567674575e-01
6.357550154006760268e-01
6.340768329557040506e-01
6.323800784729178837e-01
6.306660094695759611e-01
6.289358086117421420e-01
6.271906044563478888e-01
6.254314959937607998e-01
6.236595798255177847e-01
6.218759786617973351e-01
6.200818697396037749e-01
6.182785117515922080e-01
6.164672689382960646e-01
6.146496311299833870e-01
6.128272287205096536e-01
6.110018418026753606e-01
6.091754029779062884e-01
6.073499936559388912e-01
6.055278339652523378e-01
6.037112666855073417e-01
6.019027358742441436e-01
6.001047610791716558e-01
5.983199081957057963e-01
5.965507581417047733e-01
5.947998745764023765e-01
5.930697718905519888e-01
5.913628846451330912e-01
5.896815395443256724e-01
5.880279309039406765e-01
5.864041004287737779e-01
5.848119219507114108e-01
5.832530916120561848e-01
5.817291238118574848e-01
5.802413530714494172e-01
5.787909418211686363e-01
5.773788939635937645e-01
5.760060739283963116e-01
5.746732307977844290e-01
5.733810269470771548e-01
5.721300705102015938e-01
5.709209508440286074e-01
5.697542760293097253e-01
5.686307113125443902e-01
5.675510172674573806e-01
5.665160863440668049e-01
5.655269763863007837e-01
5.645849396455248081e-01
5.636914458070099165e-01
5.628481975884664923e-01
5.620571375716723050e-01
5.613204450947713031e-01
5.606405222655312937e-01
5.600199684523282651e-01
5.594615429635593218e-01
5.589681160270348892e-01
5.585426086146729752e-01
5.581879221073822173e-01
5.579068592411996486e-01
5.577020381982064068e-01
5.575758020842005447e-01
5.575301263503681382e-01
5.575665269512302125e-01
5.576859721719629182e-01
5.578888010946012610e-01
5.581746515987157098e-01
5.585424006066826985e-01
5.589901189901074208e-01
5.595150431606082941e-01
5.601135648876335305e-01
5.607812403351024599e-01
5.615128187075711930e-01
5.623022902682752733e-01
5.631429528604373624e-01
5.640274954550928976e-01
5.649480966882975963e-01
5.658965358612239038e-01
5.668643134787935134e-01
5.678427781125684470e-01
5.688232562032090600e-01
5.697971813729861834e-01
5.707562198997080394e-01
5.716923892042625743e-01
5.725981665134995957e-01
5.734665852622680138e-01
5.742913172731273219e-01
5.750667392768610275e-01
5.757879828874967743e-01
5.764509676978886166e-01
5.770524176932759763e-01
5.775898616699820520e-01
5.780616187773816028e-01
5.784667706600327142e-01
5.788051219546463955e-01
5.790771510888627072e-01
5.792839534357476783e-01
5.794271789036392617e-01
5.795089659931255133e-01
5.795318742420288993e-01
5.794988168176696819e-01
5.794129948168224020e-01
5.792778346111134846e-01
5.790969293417266295e-01
5.788739854332070056e-01
5.786127747705701596e-01
5.783170929729609666e-01
5.779907240040419447e-01
5.776374111848633364e-01
5.772608345175324063e-01
5.768645940844884246e-01
5.764521991545976665e-01
5.760270624998201638e-01
5.755924993020558045e-01
5.751517299079816903e-01
5.747078855717188128e-01
5.742640162151784189e-01
5.738230991408114212e-01
5.733880475603378990e-01
5.729617177663908212e-01
5.725469137827594590e-01
5.721463883929507332e-01
5.717628395735032676e-01
5.713989015516911518e-01
5.710571299657123401e-01
5.707399809225668363e-01
5.704497841120255153e-01
5.701887105265012190e-01
5.699587357337065896e-01
5.697616000261380709e-01
5.695987671017944676e-01
5.694713831880100496e-01
5.693802386818943573e-01
5.693257344286142274e-01
5.693078546815160124e-01
5.693261485828631230e-01
5.693797216764751035e-01
5.694672385283575666e-01
5.695869370110713259e-01
5.697366542314803439e-01
5.699138634837361828e-01
5.701157210266319941e-01
5.703391209533639206e-01
5.705807559762683390e-01
5.708371816181539993e-01
5.711048811071407494e-01
5.713803282264433570e-01
5.716600454776602502e-01
5.719406551693017038e-01
5.722189214257246137e-01
5.724917816013765925e-01
5.727563661510941539e-01
5.730100066148672289e-01
5.732502319891391585e-01
5.734747543414604465e-01
5.736814450495651974e-01
5.738683034833380603e-01
5.740334202791761431e-01
5.741749375689864099e-01
5.742910086164906280e-01
5.743797592851472844e-01
5.744392536248458248e-01
5.744674656338982777e-01
5.744622589475094632e-01
5.744213758444810525e-01
5.743424365711780055e-01
5.742229495750792445e-01
5.740603328365604385e-01
5.738519461004318867e-01
5.735951334484035158e-01
5.732872753265814136e-01
5.729258488519374248e-01
5.725084949696545022e-01
5.720330908189826813e-01
5.714978254878695374e-01
5.709012771952124421e-01
5.702424898340994197e-01
5.695210467407837429e-01
5.687371395246220152e-01
5.678916298070791902e-01
5.669861017771031797e-01
5.660229035798477470e-01
5.650051757194506363e-01
5.639368648767448811e-01
5.628227218199910453e-01
5.616682824191603363e-01
5.604798311575479586e-01
5.592643469612521567e-01
5.580294316272762511e-01
5.567832216121840760e-01
5.555342844308289729e-01
5.542915013927216528e-01
5.530639388554147162e-01
5.518607105832049609e-01
5.506908341495498904e-01
5.495630845983743296e-01
5.484858487704603602e-01
5.474669837964830643e-01
5.465136832510628651e-01
5.456323543488317274e-01
5.448285093438031135e-01
5.441066739708297906e-01
5.434703153497330019e-01
5.429217912696152615e-01
5.424623221971535125e-01
5.420919867258543468e-01
5.418097405236107500e-01
5.416134581661734559e-01
5.414999965884710331e-01
5.414652782690818622e-01
5.415043917099582327e-01
5.416117063066974158e-01
5.417809983440827759e-01
5.420055846131237587e-01
5.422784600397263510e-01
5.425924357455643721e-01
5.429402741259475862e-01
5.433148178176426812e-01
5.437091098251909393e-01
5.441165025548532208e-01
5.445307540438029115e-01
5.449461102386659039e-01
5.453573727409416483e-01
5.457599519673967947e-01
5.461499061443695346e-01
5.465239669441488424e-01
5.468795528634984304e-01
5.472147716305982845e-01
5.475284130061607302e-01
5.478199333238992219e-01
5.480894330078129872e-01
5.483376281276219899e-01
5.485658168314757610e-01
5.487758412513774608e-01
5.489700452364190131e-01
5.491512280552034442e-01
5.493225940419058650e-01
5.494876980559046942e-01
5.496503865930224553e-01
5.498147344312538376e-01
5.499849768132838435e-01
5.501654373541442489e-01
5.503604521015098561e-01
5.505742904508111879e-01
5.508110739067448858e-01
5.510746939645921882e-01
5.513687306367703878e-01
5.516963733516294655e-01
5.520603460851714051e-01
5.524628386392219648e-01
5.529054459441040681e-01
5.533891171387593788e-01
5.539141159714816576e-01
5.544799937808173595e-01
5.550855759748042351e-01
5.557289625471770744e-01
5.564075427734791468e-01
5.571180238401588491e-01
5.578564727962660452e-01
5.586183708972815021e-01
5.593986791462183250e-01
5.601919136349491346e-01
5.609922291493973923e-01
5.617935094207018309e-01
5.625894623712227594e-01
5.633737187065821495e-01
5.641399322289565310e-01
5.648818802794041138e-01
5.655935627475117133e-01
5.662692981085368782e-01
5.669038149599483489e-01
5.674923375344620435e-01
5.680306636738238213e-01
5.685152337688207380e-01
5.689431892203909991e-01
5.693124190684294428e-01
5.696215935808420783e-01
5.698701838035370448e-01
5.700584663445505962e-01
5.701875129980513712e-01
5.702591651954592722e-01
5.702759936840240407e-01
5.702412442559274819e-01
5.701587707583282150e-01
5.700329569815066888e-01
5.698686293250546653e-01
5.696709623621192264e-01
5.694453795465714840e-01
5.691974513328073026e-01
5.689327929061007705e-01
5.686569635641205434e-01
5.683753695651819760e-01
5.680931719886512798e-01
5.678152008627266323e-01
5.675458765297698438e-01
5.672891389621522729e-01
5.670483855304762066e-01
5.668264175730457488e-01
5.666253960256228961e-01
5.664468063414340726e-01
5.662914329538286662e-01
5.661593435929179741e-01
5.660498838436768265e-01
5.659616824048065986e-01
5.658926675533271222e-01
5.658400953193775118e-01
5.658005898126959865e-01
5.657701960054585255e-01
5.657444450607264086e-01
5.657184320036086067e-01
5.656869051723346642e-01
5.656443664743592281e-01
5.655851810294321158e-01
5.655036943328253241e-01
5.653943546455066915e-01
5.652518379425983674e-01
5.650711724540845582e-01
5.648478596359362003e-01
5.645779883338977179e-01
5.642583389574282737e-01
5.638864746712158871e-01
5.634608169313818360e-01
5.629807031299347564e-01
5.624464246438285464e-01
5.618592441876839594e-01
5.612213920113495735e-01
5.605360411324634695e-01
5.598072624178567214e-01
5.590399608963195766e-01
5.582397951738635733e-01
5.574130822121425854e-01
5.565666900092451908e-01
5.557079208854794894e-01
5.548443881281449608e-01
5.539838886985650745e-01
5.531342745672691574e-01
5.523033250384330461e-01
5.514986221741798866e-01
5.507274311549437140e-01
5.499965871344785207e-01
5.493123898851025588e-01
5.486805072943483630e-01
5.481058885776135536e-01
5.475926879171726380e-01
5.471441991255224790e-01
5.467628018559205216e-01
5.464499198369675570e-01
5.462059915806032340e-01
5.460304539920343148e-01
5.459217392836550609e-01
5.458772855516889067e-01
5.458935613041910884e-01
5.459661041249339597e-01
5.460895735147257568e-01
5.462578177683264924e-01
5.464639545226191997e-01
5.467004643544352005e-01
5.469592965214113978e-01
5.472319856359374457e-01
5.475097777519200015e-01
5.477837640396066021e-01
5.480450199386692756e-01
5.482847474279920474e-01
5.484944178454630448e-01
5.486659125446182728e-01
5.487916585974135231e-01
5.488647567512695558e-01
5.488790989284653143e-01
5.488294727180331734e-01
5.487116505522446896e-01
5.485224615757214872e-01
5.482598445962331146e-01
5.479228809406465617e-01
5.475118065135021750e-01
5.470280028539655781e-01
5.464739674933120073e-01
5.458532644133208267e-01
5.451704558799800315e-01
5.444310173616985216e-01
5.436412376230986832e-01
5.428081064024322666e-01
5.419391923230747476e-01
5.410425138500880582e-01
5.401264061772854674e-01
5.391993869173959952e-01
5.382700233701886994e-01
5.373468039666209339e-01
5.364380162405147923e-01
5.355516333755027114e-01
5.346952110290118521e-01
5.338757957638279317e-01
5.330998460389798632e-01
5.323731663425883553e-01
5.317008547057083812e-01
5.310872635311459922e-01
5.305359734141774641e-01
5.300497794283165476e-01
5.296306891995884447e-01
5.292799319936866143e-01
5.289979779848098529e-01
5.287845668530392063e-01
5.286387448573139913e-01
5.285589095416313166e-01
5.285428612421546601e-01
5.285878605634949379e-01
5.286906909775206387e-01
5.288477256647347025e-01
5.290549976672649368e-01
5.293082723576353343e-01
5.296031211554336204e-01
5.299349953533837310e-01
5.302992988550480069e-01
5.306914585884910940e-01
5.311069913530556130e-01
5.315415658876593286e-01
5.319910590240969350e-01
5.324516049100967985e-01
5.329196364533985708e-01
5.333919183455320123e-01
5.338655712645564710e-01
5.343380871191353298e-01
5.348073354692224335e-01
5.352715615270320360e-01
5.357293763914851015e-01
5.361797403862601508e-01
5.366219405442650414e-01
5.370555634008740142e-01
5.374804643195230103e-01
5.378967345749209317e-01
5.383046673642205571e-01
5.387047238116481340e-01
5.390974998871825852e-01
5.394836949869824538e-01
5.398640827356296912e-01
5.402394843810782721e-01
5.406107449746696547e-01
5.409787123707139322e-01
5.413442189504253932e-01
5.417080658776579627e-01
5.420710096300342951e-01
5.424337505168280726e-01
5.427969228899610643e-01
5.431610867705313206e-01
5.435267206431764198e-01
5.438942152068965141e-01
5.442638679069193852e-01
5.446358781024271956e-01
5.450103427459720429e-01
5.453872524610523520e-01
5.457664879059513918e-01
5.461478163081949777e-01
5.465308880505989064e-01
5.469152331938527123e-01
5.473002578394953188e-01
5.476852402780860718e-01
5.480693269357724828e-01
5.484515282312004691e-01
5.488307145829594003e-01
5.492056129605207282e-01
5.495748045393065162e-01
5.499367241892872959e-01
5.502896626788318368e-01
5.506317725917692085e-01
5.509610790154042537e-01
5.512754960419665728e-01
5.515728500206826812e-01
5.518509102935484911e-01
5.521074278437582139e-01
5.523401818896236382e-01
5.525470339860650837e-01
5.527259886767306174e-01
5.528752592063286286e-01
5.529933362937095032e-01
5.530790575223767380e-01
5.531316745655621148e-01
5.531509152614454417e-01
5.531370375155121311e-01
5.530908721447569398e-01
5.530138520927152523e-01
5.529080259214844695e-01
5.527760541004720363e-01
5.526211873241932970e-01
5.524472268578942691e-01
5.522584676810220472e-01
5.520596259259619165e-01
5.518557527486241954e-01
5.516521372820661906e-01
5.514542016885527476e-01
5.512673915257993995e-01
5.510970646784684179e-01
5.509483819870414356e-01
5.508262024535407475e-01
5.507349855451556531e-01
5.506787026850752387e-01
5.506607595484657169e-01
5.506839303029270605e-01
5.507503044755130972e-01
5.508612467155825643e-01
5.510173693709510268e-01
5.512185175136747883e-01
5.514637658443968249e-01
5.517514267675204254e-01
5.520790688558677717e-01
5.524435449013921362e-01
5.528410287643689136e-01
5.532670602725953124e-01
5.537165974700950510e-01
5.541840755586842082e-01
5.546634719046850126e-01
5.551483764892569672e-01
5.556320671598268257e-01
5.561075889911031300e-01
5.565678369899684785e-01
5.570056412851244199e-01
5.574138538385465802e-01
5.577854356121472179e-01
5.581135430312148538e-01
5.583916125175231171e-01
5.586134418296641035e-01
5.587732669539474673e-01
5.588658333407280354e-01
5.588864603791778851e-01
5.588310981451904969e-01
5.586963756353313659e-01
5.584796399043510107e-01
5.581789857421488588e-01
5.577932757443778700e-01
5.573221508354755382e-01
5.567660314814490974e-01
5.561261099727591306e-01
5.554043342591044041e-01
5.546033838762131074e-01
5.537266385225996235e-01
5.527781398285275261e-01
5.517625468203505301e-01
5.506850855334562977e-01
5.495514931794406310e-01
5.483679572405527614e-01
5.471410498572304437e-01
5.458776578998685292e-01
5.445849091765918581e-01
5.432700953230590324e-01
5.419405920419593237e-01
5.406037774988735611e-01
5.392669498248416904e-01
5.379372448101747972e-01
5.366215549848898370e-01
5.353264513562602245e-01
5.340581091038938411e-01
5.328222385116663240e-01
5.316240223421544453e-01
5.304680607354955724e-01
5.293583245471114029e-01
5.282981178368948427e-01
5.272900499976201916e-01
5.263360177750094904e-01
5.254371971985201117e-01
5.245940452221570238e-01
5.238063106784061063e-01
5.230730539836628834e-01
5.223926749056944097e-01
5.217629476155918322e-01
5.211810621987011949e-01
5.206436717890846611e-01
5.201469445160694649e-01
5.196866195034666180e-01
5.192580662348845744e-01
5.188563466841300542e-01
5.184762796995088241e-01
5.181125072165958523e-01
5.177595619479472555e-01
5.174119362536210298e-01
5.170641519279309817e-01
5.167108306418660701e-01
5.163467647552580919e-01
5.159669881579874717e-01
5.155668467170113622e-01
5.151420677991946917e-01
5.146888282136086179e-01
5.142038197772853536e-01
5.136843115625768785e-01
5.131282077403576114e-01
5.125340998003170556e-01
5.119013118169941645e-01
5.112299373481148379e-01
5.105208665103549981e-01
5.097758017870522851e-01
5.089972611919632017e-01
5.081885675510418032e-01
5.073538228764075120e-01
5.064978670960329499e-01
5.056262207684070198e-01
5.047450118477645464e-01
5.038608870615999269e-01
5.029809090016749140e-01
5.021124405908391486e-01
5.012630191444190642e-01
5.004402227668773850e-01
4.996515322804431225e-01
4.989041922413368635e-01
4.982050748325786982e-01
4.975605505068121936e-01
4.969763691719810139e-01
4.964575554600632046e-01
4.960083211977965312e-01
4.956319976226941093e-01
4.953309891824524414e-01
4.951067499552372353e-01
4.949597828736936878e-01
4.948896610727683831e-01
4.948950698578735707e-01
4.949738670506771965e-01
4.951231588547518325e-01
4.953393879239796904e-01
4.956184300340214510e-01
4.959556956605047917e-01
4.963462328538165713e-01
4.967848280547423889e-01
4.972661018929501742e-01
4.977845975188446292e-01
4.983348596010116482e-01
4.989115027367542199e-01
4.995092686334692278e-01
5.001230719889275811e-01
5.007480354998041783e-01
5.013795148383800582e-01
5.020131147437497665e-01
5.026446975709443210e-01
5.032703857318691076e-01
5.038865594553290084e-01
5.044898512045543626e-01
5.050771379382458237e-01
5.056455322057831214e-01
5.061923728500138386e-01
5.067152158716732302e-01
5.072118258054678641e-01
5.076801677830491411e-01
5.081184003224540335e-01
5.085248687924930344e-01
5.088980994551448589e-01
5.092367939861722759e-01
5.095398244073852112e-01
5.098062284239002206e-01
5.100352052352721266e-01
5.102261119686442026e-01
5.103784609534895989e-01
5.104919181108634740e-01
5.105663027573008605e-01
5.106015891193224077e-01
5.105979098170139174e-01
5.105555615055736851e-01
5.104750127664582360e-01
5.103569142215287346e-01
5.102021107128910105e-01
5.100116552569092798e-01
5.097868243519355635e-01
5.095291341029944965e-01
5.092403565284918665e-01
5.089225353370087079e-01
5.085780004072697480e-01
5.082093801701593749e-01
5.078196110759338744e-01
5.074119433298283077e-01
5.069899420932573175e-01
5.065574833754096229e-01
5.061187438832163155e-01
5.056781841606506900e-01
5.052405244373855409e-01
5.048107127292814633e-01
5.043938848962424837e-01
5.039953165719077699e-01
5.036203671365181433e-01
5.032744162061851823e-01
5.029627934502091113e-01
5.026907029084068945e-01
5.024631433425663651e-01
5.022848264958470477e-01
5.021600954246334680e-01
5.020928452827193578e-01
5.020864490543843761e-01
5.021436907328724608e-01
5.022667083137168920e-01
5.024569487167479531e-01
5.027151363747289770e-01
5.030412567475937013e-01
5.034345554644488185e-01
5.038935531919128685e-01
5.044160757114868332e-01
5.049992980956328203e-01
5.056398013353237131e-01
5.063336393199421304e-01
5.070764137263963356e-01
5.078633541537134199e-01
5.086894007498524717e-01
5.095492866189791359e-01
5.104376174627017759e-01
5.113489461843685469e-01
5.122778405532104617e-01
5.132189424630625441e-01
5.141670178047974549e-01
5.151169964777931876e-01
5.160640025696370259e-01
5.170033752119871373e-01
5.179306810536975503e-01
5.188417196622172600e-01
5.197325234566899654e-01
5.205993539803031034e-01
5.214386964282906600e-01
5.222472543582875604e-01
5.230219464217518155e-01
5.237599067726521618e-01
5.244584905394474861e-01
5.251152853982929969e-01
5.257281298718230467e-01
5.262951385135012927e-01
5.268147336393773639e-01
5.272856827561266391e-01
5.277071403273790873e-01
5.280786920421446373e-01
5.284003993236465746e-01
5.286728414688640632e-01
5.288971525634118542e-01
5.290750501966765551e-01
5.292088530291207960e-01
5.293014844534735808e-01
5.293564599532991632e-01
5.293778562964213119e-01
5.293702613963425785e-01
5.293387045095230281e-01
5.292885673752073528e-01
5.292254779007955490e-01
5.291551889933222563e-01
5.290834460738360612e-01
5.290158476218134176e-01
5.289577037198511800e-01
5.289138979519110162e-01
5.288887581124076531e-01
5.288859409874425710e-01
5.289083359736611589e-01
5.289579915266714449e-01
5.290360674231405769e-01
5.291428146400999344e-01
5.292775833766660831e-01
5.294388584495273165e-01
5.296243200669864537e-01
5.298309269033331104e-01
5.300550175197654701e-01
5.302924255563961076e-01
5.305386037781504305e-01
5.307887520001629555e-01
5.310379441296826375e-01
5.312812500077057631e-01
5.315138483671608682e-01
5.317311279891867581e-01
5.319287749751600014e-01
5.321028449012902284e-01
5.322498194322622389e-01
5.323666476969692862e-01
5.324507733402772391e-01
5.325001486393790007e-01
5.325132374026196880e-01
5.324890085542267615e-01
5.324269223603744772e-01
5.323269111873240034e-01
5.321893565220848776e-01
5.320150637535928650e-01
5.318052359314104915e-01
5.315614474119974009e-01
5.312856179899168030e-01
5.309799878101710835e-01
5.306470930821199916e-01
5.302897423756642858e-01
5.299109930837445637e-01
5.295141274861345781e-01
5.291026277498191988e-01
5.286801491507640005e-01
5.282504907991112386e-01
5.278175631920469790e-01
5.273853520027584896e-01
5.269578776365529960e-01
5.265391502431130410e-01
5.261331200636071292e-01
5.257436232097589812e-01
5.253743232153020859e-01
5.250286489641579069e-01
5.247097298785408093e-01
5.244203295363640827e-01
5.241627791709300155e-01
5.239389127741318486e-01
5.237500057617832105e-01
5.235967193483527238e-01
5.234790528987631752e-01
5.233963065574877005e-01
5.233470563818916066e-01
5.233291440134313355e-01
5.233396825987368661e-01
5.233750802225708432e-01
5.234310815456928445e-01
5.235028276726798602e-01
5.235849335380600156e-01
5.236715813330302671e-01
5.237566277455359964e-01
5.238337221028599444e-01
5.238964319365497779e-01
5.239383720777874842e-01
5.239533331710564124e-01
5.239354054861261600e-01
5.238790941186062255e-01
5.237794220867679762e-01
5.236320184304795733e-01
5.234331891566664785e-01
5.231799697041695785e-01
5.228701584630157662e-01
5.225023317216545005e-01
5.220758411774613084e-01
5.215907957856485977e-01
5.210480302062130420e-01
5.204490624176687508e-01
5.197960431944577131e-01
5.190917000999711872e-01
5.183392784488215499e-01
5.175424813692306447e-01
5.167054106840697214e-01
5.158325098647565943e-01
5.149285098331231048e-01
5.139983779265977493e-01
5.130472699306625195e-01
5.120804847420520334e-01
5.111034209720118904e-01
5.101215346393874750e-01
5.091402970399908634e-01
5.081651519073336898e-01
5.072014710915321301e-01
5.062545081653679890e-01
5.053293496042638999e-01
5.044308634639659283e-01
5.035636457793062348e-01
5.027319652131206906e-01
5.019397067806500301e-01
5.011903157472699100e-01
5.004867430334165590e-01
4.998313936490527687e-01
4.992260798117126308e-01
4.986719804697545833e-01
4.981696089505143754e-01
4.977187903783306666e-01
4.973186503587595508e-01
4.969676162039505796e-01
4.966634316839266261e-01
4.964031859358782883e-01
4.961833567579047588e-01
4.959998680672114690e-01
4.958481608306265498e-01
4.957232762951674365e-01
4.956199498779368939e-01
4.955327136389841014e-01
4.954560048794858229e-01
4.953842781014096142e-01
4.953121173525253385e-01
4.952343458775531060e-01
4.951461300130624577e-01
4.950430744053238019e-01
4.949213058948685462e-01
4.947775437902459106e-01
4.946091547305992986e-01
4.944141908901727445e-01
4.941914108804690842e-01
4.939402833268157211e-01
4.936609737033228473e-01
4.933543155720744866e-01
4.930217678603318610e-01
4.926653601998242649e-01
4.922876286278961011e-01
4.918915441021557422e-01
4.914804363073760340e-01
4.910579151430465306e-01
4.906277920865922959e-01
4.901940033513336181e-01
4.897605364241312542e-01
4.893313612016748082e-01
4.889103665727146941e-01
4.885013029401237827e-01
4.881077308617458588e-01
4.877329757278082156e-01
4.873800881950435260e-01
4.870518099676834356e-01
4.867505444522140512e-01
4.864783318107433474e-01
4.862368279882041677e-01
4.860272873803607174e-01
4.858505489303956426e-01
4.857070255792957925e-01
4.855966971373954499e-01
4.855191067804544014e-01
4.854733614941393882e-01
4.854581368878587155e-01
4.854716868662295459e-01
4.855118586791378754e-01
4.855761138658782894e-01
4.856615555629285041e-01
4.857649625575417018e-01
4.858828303408324611e-01
