1.000000000000000000e+00
9.998000655854626384e-01
9.992010450292329038e-01
9.982052684566876666e-01
9.968165789748313355e-01
9.950402881134885469e-01
9.928831190922113858e-01
9.903531369981642962e-01
9.874596660408455628e-01
9.842131946679490984e-01
9.806252697100954485e-01
9.767083809774058656e-01
9.724758379086996252e-01
9.679416399985604214e-01
9.631203428104933018e-01
9.580269214317286286e-01
9.526766332403221460e-01
9.470848818397736846e-01
9.412670839723985550e-01
9.352385411513058910e-01
9.290143176540364145e-01
9.226091264003863923e-01
9.160372240950317435e-01
9.093123168546499713e-01
9.024474773621166124e-01
8.954550743999358797e-01
8.883467154145684441e-01
8.811332025559367453e-01
8.738245024255927307e-01
8.664297295560823287e-01
8.589571434363744151e-01
8.514141586970402908e-01
8.438073678772665120e-01
8.361425760166922849e-01
8.284248461511053430e-01
8.206585546445492874e-01
8.128474551635171963e-01
8.049947499931829897e-01
7.971031673124864270e-01
7.891750429851904780e-01
7.812124053882840702e-01
7.732170617875085972e-01
7.651906847819240909e-01
7.571348973748264211e-01
7.490513552858031332e-01
7.409418251969881464e-01
7.328082577240011553e-01
7.246528540166129462e-01
7.164781250237485244e-01
7.082869425996026758e-01
7.000825817798853601e-01
6.918687537168065615e-01
6.836496289257545378e-01
6.754298506628200194e-01
6.672145384177545768e-01
6.590092816688779553e-01
6.508201242023942124e-01
6.426535394459931272e-01
6.345163974034416787e-01
6.264159239009283731e-01
6.183596529655646101e-01
6.103553732501316720e-01
6.024110694946764877e-01
5.945348600740578693e-01
5.867349317204048065e-01
5.790194725304866896e-01
5.713966043702140007e-01
5.638743157723670185e-01
5.564603963898080430e-01
5.491623740159180533e-01
5.419874551180153821e-01
5.349424697495881453e-01
5.280338216149381703e-01
5.212674439572253515e-01
5.146487618298464239e-01
5.081826611936959281e-01
5.018734651613053765e-01
4.957249175852635470e-01
4.897401740648332225e-01
4.839218003234012078e-01
4.782717777922663172e-01
4.727915161251804443e-01
4.674818722646668090e-01
4.623431755870005544e-01
4.573752585691284178e-01
4.525774923488467549e-01
4.479488264900808869e-01
4.434878322187699173e-01
4.391927483620113870e-01
4.350615292039105020e-01
4.310918934659009882e-01
4.272813736268628038e-01
4.236273648185603369e-01
4.201271725640996491e-01
4.167780586702645729e-01
4.135772846377182566e-01
4.105221520149027192e-01
4.076100391907354625e-01
4.048384341964478272e-01
4.022049631667281577e-01
3.997074141931386548e-01
3.973437563871660139e-01
3.951121540546808641e-01
3.930109759666383651e-01
3.910387997911554114e-01
3.891944118284247356e-01
3.874768022610670659e-01
3.858851561974940281e-01
3.844188408437539395e-01
3.830773891894655447e-01
3.818604806351945657e-01
3.807679190216940457e-01
3.797996085454826143e-01
3.789555280603371101e-01
3.782357042704351802e-01
3.776401843184588603e-01
3.771690082612806916e-01
3.768221819075415757e-01
3.765996504660433231e-01
3.765012734222664692e-01
3.765268010232572515e-01
3.766758527095190323e-01
3.769478977873321202e-01
3.773422385870603968e-01
3.778579963034322531e-01
3.784940996634615917e-01
3.792492765174985681e-01
3.801220483997372890e-01
3.811107280571447986e-01
3.822134199009509792e-01
3.834280232931688848e-01
3.847522385426764835e-01
3.861835754516007579e-01
3.877193642234650905e-01
3.893567685200411965e-01
3.910928004341945874e-01
3.929243371313095312e-01
3.948481389020069843e-01
3.968608683637169787e-01
3.989591105479856070e-01
4.011393936138255012e-01
4.033982099346518080e-01
4.057320373168610828e-01
4.081373601214698388e-01
4.106106900759269318e-01
4.131485865806648894e-01
4.157476763336797054e-01
4.184046721158711235e-01
4.211163905995202739e-01
4.238797690616935565e-01
4.266918809030659232e-01
4.295499498903207480e-01
4.324513630565809397e-01
4.353936822090120340e-01
4.383746540056377983e-01
4.413922185744653115e-01
4.444445166571385775e-01
4.475298952666677543e-01
4.506469118543332542e-01
4.537943369849152253e-01
4.569711555221069865e-01
4.601765663276353724e-01
4.634099804785613008e-01
4.666710180077328074e-01
4.699595031728154848e-01
4.732754582600132154e-01
4.766190959298414742e-01
4.799908101144428341e-01
4.833911654791482881e-01
4.868208854655564077e-01
4.902808389394380240e-01
4.937720254744183412e-01
4.972955593116802908e-01
5.008526520468437049e-01
5.044445941076716178e-01
5.080727351001429470e-01
5.117384631156006725e-01
5.154431831078091220e-01
5.191882944656150967e-01
5.229751679241221307e-01
5.268051219745424341e-01
5.306793989497203823e-01
5.345991409784222048e-01
5.385653660163239875e-01
5.425789441748806174e-01
5.466405745804564509e-01
5.507507630048676939e-01
5.549098005144564860e-01
5.591177433876612923e-01
5.633743945504569028e-01
5.676792867748033933e-01
5.720316678771353303e-01
5.764304881418786941e-01
5.808743901789160669e-01
5.853617014038665634e-01
5.898904293061224546e-01
5.944582596419804021e-01
5.990625576591476209e-01
6.037003724248138914e-01
6.083684442927099756e-01
6.130632155056638943e-01
6.177808438896842391e-01
6.225172195541156528e-01
6.272679844706802177e-01
6.320285547628368139e-01
6.367941454966848935e-01
6.415597977262627039e-01
6.463204075103148316e-01
6.510707565851189260e-01
6.558055443494155146e-01
6.605194207935146666e-01
6.652070199857793575e-01
6.698629937163823600e-01
6.744820448908664945e-01
6.790589602648782197e-01
6.835886421166286198e-01
6.880661384652809742e-01
6.924866714613540086e-01
6.968456635993649506e-01
7.011387614328086215e-01
7.053618565069368351e-01
7.095111032649971117e-01
7.135829337281025531e-01
7.175740687969550669e-01
7.214815260745105485e-01
7.253026241614580760e-01
7.290349834302941590e-01
7.326765233378069730e-01
7.362254563890751058e-01
7.396802789177405746e-01
7.430397588963458810e-01
7.463029210361987742e-01
7.494690294776178430e-01
7.525375684078801086e-01
7.555082209749827138e-01
7.583808468899819744e-01
7.611554591285997207e-01
7.638322001537614092e-01
7.664113180844125406e-01
7.688931432323085069e-01
7.712780654174977713e-01
7.735665124550423766e-01
7.757589301804417303e-01
7.778557643496760710e-01
7.798574447122145203e-01
7.817643715124676929e-01
7.835769046276515049e-01
7.852953554987651685e-01
7.869199819572133547e-01
7.884509859935399101e-01
7.898885144577036943e-01
7.912326626234470472e-01
7.924834804935174670e-01
7.936409816688833052e-01
7.947051545546024443e-01
7.956759756285671781e-01
7.965534244579000056e-01
7.973375001119887839e-01
7.980282385918155974e-01
7.986257308728668125e-01
7.991301411439581948e-01
7.995417248171287072e-01
7.998608458844723712e-01
8.000879932065021460e-01
8.002237953331728937e-01
8.002690334828949092e-01
8.002246523362570585e-01
8.000917683393221624e-01
7.998716752555565801e-01
7.995658467549843218e-01
7.991759358831722615e-01
7.987037713101790004e-01
7.981513503196890902e-01
7.975208285600737801e-01
7.968145066410212696e-01
7.960348137205415231e-01
7.951842882864285089e-01
7.942655563926167561e-01
7.932813076631979321e-01
7.922342694242264782e-01
7.911271793648880779e-01
7.899627571643529356e-01
7.887436755479676487e-01
7.874725312557522283e-01
7.861518164171167333e-01
7.847838908278569336e-01
7.833709556188536149e-01
7.819150287903792185e-01
7.804179230617853680e-01
7.788812264538971242e-01
7.773062859811816772e-01
7.756941947833727591e-01
7.740457829724473049e-01
7.723616124116040593e-01
7.706419755792195403e-01
7.688868986036706543e-01
7.670961484857035106e-01
7.652692444548020445e-01
7.634054733360710054e-01
7.615039087357082792e-01
7.595634337874215269e-01
7.575827671403303487e-01
7.555604918120707447e-01
7.534950864800136205e-01
7.513849587396503882e-01
7.492284798230649523e-01
7.470240202426452480e-01
7.447699858063632217e-01
7.424648534413329504e-01
7.401072062622501280e-01
7.376957673306534513e-01
7.352294315696796811e-01
7.327072953267730338e-01
7.301286831132408617e-01
7.274931710940183427e-01
7.248006069527633821e-01
7.220511258156585566e-01
7.192451619810120711e-01
7.163834562698958575e-01
7.134670588845378747e-01
7.104973277346806615e-01
7.074759222665616409e-01
7.044047929031229671e-01
7.012861662764033888e-01
6.981225265024871840e-01
6.949165928147180704e-01
6.916712939309900277e-01
6.883897395847745626e-01
6.850751896961582155e-01
6.817310216977554571e-01
6.783606965601974848e-01
6.749677240824992763e-01
6.715556280235071007e-01
6.681279116516942729e-01
6.646880242817300166e-01
6.612393293475899991e-01
6.577850745339118843e-01
6.543283644502088103e-01
6.508721362871221494e-01
6.474191388409384906e-01
6.439719152329845819e-01
6.405327895853420994e-01
6.371038578447247858e-01
6.336869828735732790e-01
6.302837938527017236e-01
6.268956899645258263e-01
6.235238482513323355e-01
6.201692354704884114e-01
6.168326236992545120e-01
6.135146093771175480e-01
6.102156354144342432e-01
6.069360159436822943e-01
6.036759632446399015e-01
6.004356163381237010e-01
5.972150707150771787e-01
5.940144086493185371e-01
5.908337295333474515e-01
5.876731796774343763e-01
5.845329810227108958e-01
5.814134582388853500e-01
5.783150637062204336e-01
5.752383999189188968e-01
5.721842388924416323e-01
5.691535382097248075e-01
5.661474533998233083e-01
5.631673464061972556e-01
5.602147899695467670e-01
5.572915678206734613e-01
5.543996706510239125e-01
5.515412879011847291e-01
5.487187954793878442e-01
5.459347395918193735e-01
5.431918169330534063e-01
5.404928515471019157e-01
5.378407687263530024e-01
5.352385663661163306e-01
5.326892842357253688e-01
5.301959716624939922e-01
5.277616541516935156e-01
5.253892994836101282e-01
5.230817838375222406e-01
5.208418584918095284e-01
5.186721176395814314e-01
5.165749678402551393e-01
5.145525995998951885e-01
5.126069615372750299e-01
5.107397375492490621e-01
5.089523273388634195e-01
5.072458306136222728e-01
5.056210352004228969e-01
5.040784092589566390e-01
5.026180977080018097e-01
5.012399229101207609e-01
4.999433895910738723e-01
4.987276939019064659e-01
4.975917364653456576e-01
4.965341391849715236e-01
4.955532655366352568e-01
4.946472440078106825e-01
4.938139943027893275e-01
4.930512558906968712e-01
4.923566184398013856e-01
4.917275536560762328e-01
4.911614480267439964e-01
4.906556359608954532e-01
4.902074328192141395e-01
4.898141673333351598e-01
4.894732129321652803e-01
4.891820175172306162e-01
4.889381312613012009e-01
4.887392320435070547e-01
4.885831481792221598e-01
4.884678781532395542e-01
4.883916071193092900e-01
4.883527199869296953e-01
4.883498109763553252e-01
4.883816895839779293e-01
4.884473829615134099e-01
4.885461347726565151e-01
4.886774006490029465e-01
4.888408404220840886e-01
4.890363073593532173e-01
4.892638346780466274e-01
4.895236196512698368e-01
4.898160056547616881e-01
4.901414625300615779e-01
4.905005656598527830e-01
4.908939741638363441e-01
4.913224086284826986e-01
4.917866287814958715e-01
4.922874115119249550e-01
4.928255296199609559e-01
4.934017316569352385e-01
4.940167231865147945e-01
4.946711497631803844e-01
4.953655818845640324e-01
4.961005021309130014e-01
4.968762946587474416e-01
4.976932371675324429e-01
4.985514954089412254e-01
4.994511202588441945e-01
5.003920473235352606e-01
5.013740990047270696e-01
5.023969889033634839e-01
5.034603284010544799e-01
5.045636352206708253e-01
5.057063437348791046e-01
5.068878167637296261e-01
5.081073585801891834e-01
5.093642288260571416e-01
5.106576570302064910e-01
5.119868574166149822e-01
5.133510436912025465e-01
5.147494435038595384e-01
5.161813122950937860e-01
5.176459462549934942e-01
5.191426941453530786e-01
5.206709677632749278e-01
5.222302508557604694e-01
5.238201063291119119e-01
5.254401816336339293e-01
5.270902122424672154e-01
5.287700231825711583e-01
5.304795286151922085e-01
5.322187295017788422e-01
5.339877094285199188e-01
5.357866286977306380e-01
5.376157168265556230e-01
5.394752636222572839e-01
5.413656090281914190e-01
5.432871319549485989e-01
5.452402383267725972e-01
5.472253485838968201e-01
5.492428848868060598e-01
5.512932582685321492e-01
5.533768559760392503e-01
5.554940292316876693e-01
5.576450816310196679e-01
5.598302583740275562e-01
5.620497365041426940e-01
5.643036163029796493e-01
5.665919139599738807e-01
5.689145556051872221e-01
5.712713727613585313e-01
5.736620992385442763e-01
5.760863694621078945e-01
5.785437181930936923e-01
5.810335815698849382e-01
5.835552993720947157e-01
5.861081183824752294e-01
5.886911967007892876e-01
5.913036088454639572e-01
5.939443514648421463e-01
5.966123494701559560e-01
5.993064623972054195e-01
6.020254908031074104e-01
6.047681825084506579e-01
6.075332385035008276e-01
6.103193183496552487e-01
6.131250449237249933e-01
6.159490083725130960e-01
6.187897691680804835e-01
6.216458601795327166e-01
6.245157877045608430e-01
6.273980314327505248e-01
6.302910433421642367e-01
6.331932455603281884e-01
6.361030272498140459e-01
6.390187406065388487e-01
6.419386960850153034e-01
6.448611569886231187e-01
6.477843335838752159e-01
6.507063769152636734e-01
6.536253725111147439e-01
6.565393341806408101e-01
6.594461981078210133e-01
6.623438174486596663e-01
6.652299576347132648e-01
6.681022925775550458e-01
6.709584019561662949e-01
6.737957697522936051e-01
6.766117841779230035e-01
6.794037391145288929e-01
6.821688371561680508e-01
6.849041943183002967e-01
6.876068464420422854e-01
6.902737572900480290e-01
6.929018282960487385e-01
6.954879098959498851e-01
6.980288143350495966e-01
7.005213298140691158e-01
7.029622358070003463e-01
7.053483193569004550e-01
7.076763921323467876e-01
7.099433080077639513e-01
7.121459809158339205e-01
7.142814027099094742e-01
7.163466607692194899e-01
7.183389550796921430e-01
7.202556145286155287e-01
7.220941121619768310e-01
7.238520791690561396e-01
7.255273173794094532e-01
7.271178100823800783e-01
7.286217310083378251e-01
7.300374513432770218e-01
7.313635446837275511e-01
7.325987898763521855e-01
7.337421717254605236e-01
7.347928795911364830e-01
7.357503039399947431e-01
7.366140309490042393e-01
7.373838352994454004e-01
7.380596713323248625e-01
7.386416627675898017e-01
7.391300912167433346e-01
7.395253837412917308e-01
7.398280997274180315e-01
7.400389173599586368e-01
7.401586199857926873e-01
7.401880826580478079e-01
7.401282591478788309e-01
7.399801697000573109e-01
7.397448897923928346e-01
7.394235401372317718e-01
7.390172781364241494e-01
7.385272909695769217e-01
7.379547904597236752e-01
7.373010098213872432e-01
7.365672023540683622e-01
7.357546421003080539e-01
7.348646264424197883e-01
7.338984805666964872e-01
7.328575636792187264e-01
7.317432768142692057e-01
7.305570720356258096e-01
7.293004627935870676e-01
7.279750351672081843e-01
7.265824596927349388e-01
7.251245034561927261e-01
7.236030421111468991e-01
7.220200714722578850e-01
7.203777183317288113e-01
7.186782501493353958e-01
7.169240832774939065e-01
7.151177894007199054e-01
7.132620998936678447e-01
7.113599078333386894e-01
7.094142674385937042e-01
7.074283907531370152e-01
7.054056414359854976e-01
7.033495255752267861e-01
7.012636794957185504e-01
6.991518545882915436e-01
6.970178992459117318e-01
6.948657380501063185e-01
6.926993484076193752e-01
6.905227348916720409e-01
6.883399015933023835e-01
6.861548228350270451e-01
6.839714126405622707e-01
6.817934933897469296e-01
6.796247641163084552e-01
6.774687689271498003e-01
6.753288660348581995e-01
6.732081978998081251e-01
6.711096629743547037e-01
6.690358895290744456e-01
6.669892120199938379e-01
6.649716504263847305e-01
6.629848929514980949e-01
6.610302824339998606e-01
6.591088067665741290e-01
6.572210935609631433e-01
6.553674092364643045e-01
6.535476626426346414e-01
6.517614132577150832e-01
6.500078839331867586e-01
6.482859780831030649e-01
6.465943011455701495e-01
6.449311860742077407e-01
6.432947225507402722e-01
6.416827895472450027e-01
6.400930908090924909e-01
6.385231927782593075e-01
6.369705644324604732e-01
6.354326184791919685e-01
6.339067533160875900e-01
6.323903951504664667e-01
6.308810396620522232e-01
6.293762925938487518e-01
6.278739086671152325e-01
6.263718282373043067e-01
6.248682111383717652e-01
6.233614672027449899e-01
6.218502829927572417e-01
6.203336443358621333e-01
6.188108543195314226e-01
6.172815464713810041e-01
6.157456929246493127e-01
6.142036074474414020e-01
6.126559432948106565e-01
6.111036859244844965e-01
6.095481406983626060e-01
6.079909157715569501e-01
6.064339004472043548e-01
6.048792393473582107e-01
6.033293028166384353e-01
6.017866540348633109e-01
6.002540133665774658e-01
5.987342205183366906e-01
5.972301951080624116e-01
5.957448962741740406e-01
5.942812819651797085e-01
5.928422685526858471e-01
5.914306914024514139e-01
5.900492670192070133e-01
5.887005573519606960e-01
5.873869368078377118e-01
5.861105624749015641e-01
5.848733479986986117e-01
5.836769414944117385e-01
5.825227078076322673e-01
5.814117153629938528e-01
5.803447277625854994e-01
5.793222002164191142e-01
5.783442808066889818e-01
5.774108165074256505e-01
5.765213638028092724e-01
5.756752036721402010e-01
5.748713606385359443e-01
5.741086255130318783e-01
5.733855814069351853e-01
5.727006325340601167e-01
5.720520352815986476e-01
5.714379309946701069e-01
5.708563798954555679e-01
5.703053955437455969e-01
5.697829792418329653e-01
5.692871537930718207e-01
5.688159960398653237e-01
5.683676676331150812e-01
5.679404435206931723e-01
5.675327376866730056e-01
5.671431257250914015e-01
5.667703638909027397e-01
5.664134043355675274e-01
5.660714063041359934e-01
5.657437431435563546e-01
5.654300050469434069e-01
5.651299975343233584e-01
5.648437357456134178e-01
5.645714346949298745e-01
5.643134957054949385e-01
5.640704893101171624e-01
5.638431349624251077e-01
5.636322779575686504e-01
5.634388640071514853e-01
5.632639119508958681e-01
5.631084851163725702e-01
5.629736618575825746e-01
5.628605058130122796e-01
5.627700364238567010e-01
5.627032002435324864e-01
5.626608435506081918e-01
5.626436867493148641e-01
5.626523010054106377e-01
5.626870875211315015e-01
5.627482598020870919e-01
5.628358292122674911e-01
5.629495940518614017e-01
5.630891323275292182e-01
5.632537983173085960e-01
5.634427229637037904e-01
5.636548180599956215e-01
5.638887841276062352e-01
5.641431218177125340e-01
5.644161466093295942e-01
5.647060065199145384e-01
5.650107024940662637e-01
5.653281110920953534e-01
5.656560090637496874e-01
5.659920993638630771e-01
5.663340381466147599e-01
5.666794622636639467e-01
5.670260167888961922e-01
5.673713820987420497e-01
5.677133000519216655e-01
5.680495988355751535e-01
5.683782160756321034e-01
5.686972198472783901e-01
5.690048272657133310e-01
5.692994203871918346e-01
5.695795592046244415e-01
5.698439915796997823e-01
5.700916600134990908e-01
5.703217052187176117e-01
5.705334665177810294e-01
5.707264791511175162e-01
5.709004686375864779e-01
5.710553423834188180e-01
5.711911787860534107e-01
5.713082141240161116e-01
5.714068275626845717e-01
5.714875246377282281e-01
5.715509196026515859e-01
5.715977170437782640e-01
5.716286931749260392e-01
5.716446772248112707e-01
5.716465333229185930e-01
5.716351432743482786e-01
5.716113905913368098e-01
5.715761461191950499e-01
5.715302555578898325e-01
5.714745291381805314e-01
5.714097336638420677e-01
5.713365870800233282e-01
5.712557556732010822e-01
5.711678539514692954e-01
5.710734471962085612e-01
5.709730566185776679e-01
5.708671669978629959e-01
5.707562366246292651e-01
5.706407093208428760e-01
5.705210282627352081e-01
5.703976512909977314e-01
5.702710673578047507e-01
5.701418137318683410e-01
5.700104935617559265e-01
5.698777933845857735e-01
5.697445001621617156e-01
5.696115174298070905e-01
5.694798801545719602e-01
5.693507679189077075e-01
5.692255160730371744e-01
5.691056245335198716e-01
5.689927639463655540e-01
5.688887789796346350e-01
5.687956885619405156e-01
5.687156829386250667e-01
5.686511174755607412e-01
5.686045032004114486e-01
5.685784941316220920e-01
5.685758715052240397e-01
5.685995250676315615e-01
5.686524316578231986e-01
5.687376313536262051e-01
5.688582015033200046e-01
5.690172290045321102e-01
5.692177812267323889e-01
5.694628760008939583e-01
5.697554511196091243e-01
5.700983338028325909e-01
5.704942105882296888e-01
5.709455981008908498e-01
5.714548151449794222e-01
5.720239565400114801e-01
5.726548690973189970e-01
5.733491300983404315e-01
5.741080285963211516e-01
5.749325498176287574e-01
5.758233628888639322e-01
5.767808120623509893e-01
5.778049115562309268e-01
5.788953440673454409e-01
5.800514629563623403e-01
5.812722980461898503e-01
5.825565649176973615e-01
5.839026775320431684e-01
5.853087639574964252e-01
5.867726849314142124e-01
5.882920549457844039e-01
5.898642655082247943e-01
5.914865102001541919e-01
5.931558111305554881e-01
5.948690463676844509e-01
5.966229779225683538e-01
5.984142798572346100e-01
6.002395660973701697e-01
6.020954175433153033e-01
6.039784080946738465e-01
6.058851292319428206e-01
6.078122128328152796e-01
6.097563519405704291e-01
6.117143192463705414e-01
6.136829830954907417e-01
6.156593208785353655e-01
6.176404297215351002e-01
6.196235344423823843e-01
6.216059927943780039e-01
6.235852980695364423e-01
6.255590791838574471e-01
6.275250984129407961e-01
6.294812469882601347e-01
6.314255388013279013e-01
6.333561024941398721e-01
6.352711722391892746e-01
6.371690775304800214e-01
6.390482323181141400e-01
6.409071238230025225e-01
6.427443013650538939e-01
6.445583655279899515e-01
6.463479579670016184e-01
6.481117521421835281e-01
6.498484452316628524e-01
6.515567514441564789e-01
6.532353969121382775e-01
6.548831163046632264e-01
6.564986512541010066e-01
6.580807506444670274e-01
6.596281727617062662e-01
6.611396892591221430e-01
6.626140908451345624e-01
6.640501945566249509e-01
6.654468524401793150e-01
6.668029614264205929e-01
6.681174741500894854e-01
6.693894104412548840e-01
6.706178691916307999e-01
6.718020402848700057e-01
6.729412162712669065e-01
6.740348034657874798e-01
6.750823321537680055e-01
6.760834656010338284e-01
6.770380075843204226e-01
6.779459081834670053e-01
6.788072676084487833e-01
6.796223378712820118e-01
6.803915221545950853e-01
6.811153717743123615e-01
6.817945806826217758e-01
6.824299775082487418e-01
6.830225151829679708e-01
6.835732582552855874e-01
6.840833680431873676e-01
6.845540858267902262e-01
6.849867143275466530e-01
6.853825977624892207e-01
6.857431007987909721e-01
6.860695867650362656e-01
6.863633955001663400e-01
6.866258212386127102e-01
6.868580909401678092e-01
6.870613434753627402e-01
6.872366100713446224e-01
6.873847964095337604e-01
6.875066667447872204e-01
6.876028303867068869e-01
6.876737308476202903e-01
6.877196379191343745e-01
6.877406428908204861e-01
6.877366570712886151e-01
6.877074137146546029e-01
6.876524733951567825e-01
6.875712328105444415e-01
6.874629369319851246e-01
6.873266943556964881e-01
6.871614956505918137e-01
6.869662344379043883e-01
6.867397308843133930e-01
6.864807572404142411e-01
6.861880650125701253e-01
6.858604133190436825e-01
6.854965979516400854e-01
6.850954806425536558e-01
6.846560180231872073e-01
6.841772897577836909e-01
6.836585253399440898e-01
6.830991290546032380e-01
6.824987026315794125e-01
6.818570651491850931e-01
6.811742697870647456e-01
6.804506170758330974e-01
6.796866643464116731e-01
6.788832311433183886e-01
6.780414004325219235e-01
6.771625155046951949e-01
6.762481725475375516e-01
6.753002089351025639e-01
6.743206873562896941e-01
6.733118759777109164e-01
6.722762249065132867e-01
6.712163392852994459e-01
6.701349494127506468e-01
6.690348783388258003e-01
6.679190074314348413e-01
6.667902404514383097e-01
6.656514667038728739e-01
6.645055238549291143e-01
6.633551610159478251e-01
6.622030026972909322e-01
6.610515142263873045e-01
6.599029692055087271e-01
6.587594195563629684e-01
6.576226686606593264e-01
6.564942480591600127e-01
6.553753981170252763e-01
6.542670530014569330e-01
6.531698302496806718e-01
6.520840251323547498e-01
6.510096099406798009e-01
6.499462382461321797e-01
6.488932541010722366e-01
6.478497060679131447e-01
6.468143658852733013e-01
6.457857515030525075e-01
6.447621541457455585e-01
6.437416689959453153e-01
6.427222290288855389e-01
6.417016414751541831e-01
6.406776263432807372e-01
6.396478563975612763e-01
6.386099979599236809e-01
6.375617518883149870e-01
6.365008940784110392e-01
6.354253148404943596e-01
6.343330565192065729e-01
6.332223487502565140e-01
6.320916407847406715e-01
6.309396303579487553e-01
6.297652886346211121e-01
6.285678808257375572e-01
6.273469821420118997e-01
6.261024888251639497e-01
6.248346240784596883e-01
6.235439388016399409e-01
6.222313071206779789e-01
6.208979167884559613e-01
6.195452546168772612e-01
6.181750871827208504e-01
6.167894371272768517e-01
6.153905554421301716e-01
6.139808901991513634e-01
6.125630522406706469e-01
6.111397783950079932e-01
6.097138928221036425e-01
6.082882671234153271e-01
6.068657798688944505e-01
6.054492762015909468e-01
6.040415281770714628e-01
6.026451964805356054e-01
6.012627941395525255e-01
5.998966528151830069e-01
5.985488922095855147e-01
5.972213930747732880e-01
5.959157742460031715e-01
5.946333740553566560e-01
5.933752364076142483e-01
5.921421017227798123e-01
5.909344028688869876e-01
5.897522661263971955e-01
5.885955171428911559e-01
5.874636917553195392e-01
5.863560514780332689e-01
5.852716033795606343e-01
5.842091240007557529e-01
5.831671869027087451e-01
5.821441933756554832e-01
5.811384057909851908e-01
5.801479830380585900e-01
5.791710174565440905e-01
5.782055726538173346e-01
5.772497215859399011e-01
5.763015842799653621e-01
5.753593645847808746e-01
5.744213853571665807e-01
5.734861215188566952e-01
5.725522304586250222e-01
5.716185793000363446e-01
5.706842686097857165e-01
5.697486521824496331e-01
5.688113526040107226e-01
5.678722723675359019e-01
5.669316003886637478e-01
5.659898138448613558e-01
5.650476753394202412e-01
5.641062254676504351e-01
5.631667709373519015e-01
5.622308684672208123e-01
5.613003047542021173e-01
5.603770728627939235e-01
5.594633454450194110e-01
5.585614452482610126e-01
5.576738134086827170e-01
5.568029760599310096e-01
5.559515098097278507e-01
5.551220066505531126e-01
5.543170388747054034e-01
5.535391245586316344e-01
5.527906941667215523e-01
5.520740588010719652e-01
5.513913805915189315e-01
5.507446456801331491e-01
5.501356402071171381e-01
5.495659296514379122e-01
5.490368418206171830e-01
5.485494537208009946e-01
5.481045824717584170e-01
5.477027803628353730e-01
5.473443340763920473e-01
5.470292680359767346e-01
5.467573517686115103e-01
5.465281111052677776e-01
5.463408429818457090e-01
5.461946335458933710e-01
5.460883792227015920e-01
5.460208103491624998e-01
5.459905169456081842e-01
5.459959761652446453e-01
5.460355809383177217e-01
5.461076693139701455e-01
5.462105539971532364e-01
5.463425515808318922e-01
5.465020109850401431e-01
5.466873406337302566e-01
5.468970339274785708e-01
5.471296926043748288e-01
5.473840476221959461e-01
5.476589772414698354e-01
5.479535220404615492e-01
5.482668966484778306e-01
5.485984980422680124e-01
5.489479103106560398e-01
5.493149058538017160e-01
5.496994430446872082e-01
5.501016604404567190e-01
5.505218676891387997e-01
5.509605333321248022e-01
5.514182697536336164e-01
5.518958155744929650e-01
5.523940158281742674e-01
5.529138002915259253e-01
5.534561603705417943e-01
5.540221249624043276e-01
5.546127357286517734e-01
5.552290222205437109e-01
5.558719772964446637e-01
5.565425332624979182e-01
5.572415391521452488e-01
5.579697395376022051e-01
5.587277552375569112e-01
5.595160662507502325e-01
5.603349972053061068e-01
5.611847055693905961e-01
5.620651728208331255e-01
5.629761987224694009e-01
5.639173987970959034e-01
5.648882050418883027e-01
5.658878698678559971e-01
5.669154731962164906e-01
5.679699325913856178e-01
5.690500162603926437e-01
5.701543587016874026e-01
5.712814787433188046e-01
5.724297996718763493e-01
5.735976711200292399e-01
5.747833923524627853e-01
5.759852365678306274e-01
5.772014758183798833e-01
5.784304061393039653e-01
5.796703724767391375e-01
5.809197930066520854e-01
5.821771824465297174e-01
5.834411739775869910e-01
5.847105394168407022e-01
5.859842073054928324e-01
5.872612786121382822e-01
5.885410397858364950e-01
5.898229729344737216e-01
5.911067629474444640e-01
5.923923014277920895e-01
5.936796873469024627e-01
5.949692243838571315e-01
5.962614149609053449e-01
5.975569510354976632e-01
5.988567017571652107e-01
6.001616981435854425e-01
6.014731149737623239e-01
6.027922501367628527e-01
6.041205017113242537e-01
6.054593430844066315e-01
6.068102964449316739e-01
6.081749050122390310e-01
6.095547043768315687e-01
6.109511933436505560e-01
6.123658046752682438e-01
6.137998761339233944e-01
6.152546222174000157e-01
6.167311069743598440e-01
6.182302182701560067e-01
6.197526438546190342e-01
6.212988495591195148e-01
6.228690599217914237e-01
6.244632415075668241e-01
6.260810891540997680e-01
6.277220153362712551e-01
6.293851428013210736e-01
6.310693005842810122e-01
6.327730234699139311e-01
6.344945549233191873e-01
6.362318534673876425e-01
6.379826024418991937e-01
6.397442230368273197e-01
6.415138904518904450e-01
6.432885529960217230e-01
6.450649539047305092e-01
6.468396556207032244e-01
6.486090662537929985e-01
6.503694679111409194e-01
6.521170465668348903e-01
6.538479231233913502e-01
6.555581853047778296e-01
6.572439200125426151e-01
6.589012457731953099e-01
6.605263449060880809e-01
6.621154950467065259e-01
6.636650996703654659e-01
6.651717172756308472e-01
6.666320889051459142e-01
6.680431637036469139e-01
6.694021222385144743e-01
6.707063973368687648e-01
6.719536922245811228e-01
6.731419957862578851e-01
6.742695948008037288e-01
6.753350830441511299e-01
6.763373671886747651e-01
6.772756694672698030e-01
6.781495271085333787e-01
6.789587885875651985e-01
6.797036067740850340e-01
6.803844290954630392e-01
6.810019848664419229e-01
6.815572699694133485e-01
6.820515290987461121e-01
6.824862358095040715e-01
6.828630706346474621e-01
6.831838975552442239e-01
6.834507391250502772e-01
6.836657505639424093e-01
6.838311931438793012e-01
6.839494071963164723e-01
6.840227850711612101e-01
6.840537443744869606e-01
6.840447018053446016e-01
6.839980479011709136e-01
6.839161229866593805e-01
6.838011946026977261e-01
6.836554366702770613e-01
6.834809106194505990e-01
6.832795486857218270e-01
6.830531395460481825e-01
6.828033164343250139e-01
6.825315478421579707e-01
6.822391308754244266e-01
6.819271873009445928e-01
6.815966622810972764e-01
6.812483257578226814e-01
6.808827764116895942e-01
6.805004480870135986e-01
