1.000000000000000000e+00
9.998000750629937317e-01
9.992011997682826996e-01
9.982060620716507460e-01
9.968191084536290880e-01
9.950464928982627466e-01
9.928960059743315858e-01
9.903769853437426329e-01
9.875002093643859835e-01
9.842777757521402604e-01
9.807229675122900447e-01
9.768501085397857109e-01
9.726744114183261125e-01
9.682118200195204416e-01
9.634788495168470357e-01
9.584924263875195249e-01
9.532697308827979832e-01
9.478280443085287388e-01
9.421846032783530722e-01
9.363564628879289531e-01
9.303603705155545356e-01
9.242126516890520893e-01
9.179291091761495602e-01
9.115249361623659619e-01
9.050146440816058124e-01
8.984120053666094785e-01
8.917300110941495106e-01
8.849808432192181051e-01
8.781758608286623913e-01
8.713255996030360162e-01
8.644397834606895037e-01
8.575273471748338094e-01
8.505964686062912339e-01
8.436546090847238943e-01
8.367085604014954381e-01
8.297644968485426986e-01
8.228280307491538936e-01
8.159042699765787221e-01
8.089978760414479053e-01
8.021131214447215774e-01
7.952539451336698706e-01
7.884240050581199366e-01
7.816267269960942565e-01
7.748653489955245055e-01
7.681429609556251759e-01
7.614625390421827511e-01
7.548269747906758420e-01
7.482390988965123002e-01
7.417016998197739630e-01
7.352175374419633869e-01
7.287893521032410282e-01
7.224198694212851102e-01
7.161118013476367450e-01
7.098678439553840480e-01
7.036906724743327013e-01
6.975829340974963877e-01
6.915472390769367150e-01
6.855861506085813017e-01
6.797021739759988579e-01
6.738977453832208919e-01
6.681752208585516328e-01
6.625368655566916676e-01
6.569848437277940878e-01
6.515212095621450983e-01
6.461478990606253081e-01
6.408667230267356407e-01
6.356793612283502259e-01
6.305873577379270678e-01
6.255921174302583321e-01
6.206949035967058714e-01
6.158968366240792358e-01
6.111988936830436980e-01
6.066019093735898204e-01
6.021065772811193817e-01
5.977134524038377750e-01
5.934229544183775573e-01
5.892353717540422808e-01
5.851508664459876830e-01
5.811694797335412721e-01
5.772911383619646619e-01
5.735156615352307030e-01
5.698427684548879046e-01
5.662720863671161231e-01
5.628031590279755081e-01
5.594354554863854023e-01
5.561683790764356816e-01
5.530012765050080770e-01
5.499334469174048667e-01
5.469641508218270332e-01
5.440926187524227631e-01
5.413180595491855485e-01
5.386396681305515299e-01
5.360566326306093199e-01
5.335681407675528787e-01
5.311733853039013464e-01
5.288715684535493233e-01
5.266619050875135377e-01
5.245436245917914908e-01
5.225159712393762090e-01
5.205782029566984326e-01
5.187295883945769459e-01
5.169694022564295111e-01
5.152969188924962918e-01
5.137114042370491962e-01
5.122121062439602968e-01
5.107982440608385133e-01
5.094689962685957640e-01
5.082234885960659199e-01
5.070607815919938588e-01
5.059798587933657110e-01
5.049796159639697857e-01
5.040588519858600902e-01
5.032162619660185410e-01
5.024504330699489651e-01
5.017598435140601110e-01
5.011428650425739928e-01
5.005977690871090680e-01
5.001227366645352168e-01
4.997158719184917608e-01
4.993752190601589702e-01
4.990987823222130526e-01
4.988845484135928654e-01
4.987305108578508062e-01
4.986346955188185603e-01
4.985951865671631178e-01
4.986101521210260512e-01
4.986778688027858064e-01
4.987967444901680869e-01
4.989653386001350333e-01
4.991823793245125929e-01
4.994467773328176152e-01
4.997576355659357761e-01
5.001142548600584492e-01
5.005161352599075686e-01
5.009629730004582226e-01
5.014546532542318857e-01
5.019912388543504855e-01
5.025729553096905944e-01
5.032001725254513502e-01
5.038733837283465578e-01
5.045931821681823859e-01
5.053602362247681112e-01
5.061752635887958318e-01
5.070390052055743224e-01
5.079521996698489472e-01
5.089155587372401479e-01
5.099297445729072953e-01
5.109953492916329276e-01
5.121128772570844312e-01
5.132827305046326893e-01
5.145051975353019946e-01
5.157804456030337104e-01
5.171085164887205821e-01
5.184893256280644902e-01
5.199226643419903038e-01
5.214082048133893421e-01
5.229455073671609444e-01
5.245340295455501733e-01
5.261731364302610903e-01
5.278621116479457198e-01
5.296001685063990161e-01
5.313864607435756504e-01
5.332200924278278631e-01
5.351001266218095020e-01
5.370255925099167715e-01
5.389954907851346455e-01
5.410087971904273818e-01
5.430644642076930539e-01
5.451614209788558929e-01
5.472985716251279609e-01
5.494747921983509364e-01
5.516889265503099882e-01
5.539397814405111475e-01
5.562261212196141225e-01
5.585466624248309753e-01
5.609000686065068741e-01
5.632849456735705695e-01
5.656998380021792672e-01
5.681432254995166797e-01
5.706135217565195816e-01
5.731090733623925848e-01
5.756281603933361968e-01
5.781689980308093446e-01
5.807297392134076475e-01
5.833084781833339783e-01
5.859032547552314174e-01
5.885120591129711087e-01
5.911328369298719521e-01
5.937634946097619659e-01
5.964019044602336672e-01
5.990459096344494805e-01
6.016933287126225993e-01
6.043419598369892398e-01
6.069895843622665765e-01
6.096339700345619894e-01
6.122728737622590289e-01
6.149040440895149340e-01
6.175252235231158959e-01
6.201341508939155478e-01
6.227285639521886740e-01
6.253062024001606600e-01
6.278648115537396324e-01
6.304021467990319483e-01
6.329159789684745130e-01
6.354041007084214598e-01
6.378643338473876101e-01
6.402945377058106846e-01
6.426926182176430080e-01
6.450565376660898353e-01
6.473843247742577800e-01
6.496740848403554924e-01
6.519240095698731752e-01
6.541323862362840025e-01
6.562976057992179202e-01
6.584181696253228466e-01
6.604926944918960707e-01
6.625199156055155969e-01
6.644986874349879669e-01
6.664279822366920847e-01
6.683068862370490359e-01
6.701345935269118481e-01
6.719103978115943399e-01
6.736336822435058380e-01
6.753039076376673444e-01
6.769205994303096885e-01
6.784833337845139756e-01
6.799917232729026928e-01
6.814454025751803812e-01
6.828440146186527393e-01
6.841871975643400994e-01
6.854745730026067241e-01
6.867057356736292473e-01
6.878802449728178559e-01
6.889976184432579087e-01
6.900573273991229550e-01
6.910587947688197064e-01
6.920013951957133536e-01
6.928844573890224900e-01
6.937072686776656338e-01
6.944690816851489812e-01
6.951691230125724985e-01
6.958066037882150168e-01
6.963807319140978835e-01
6.968907258111418646e-01
6.973358294337554941e-01
6.977153282916994659e-01
6.980285661818238507e-01
6.982749622960384706e-01
6.984540283362897783e-01
6.985653852350631743e-01
6.986087790537178766e-01
6.985840956144629965e-01
6.984913734178854750e-01
6.983308144100141002e-01
6.981027921928970592e-01
6.978078573223823744e-01
6.974467394061683034e-01
6.970203458033498167e-01
6.965297568309135601e-01
6.959762174992458750e-01
6.953611259224071750e-01
6.946860186737315868e-01
6.939525534766706194e-01
6.931624897277994801e-01
6.923176674373866524e-01
6.914199852371623045e-01
6.904713781407152418e-01
6.894737957465729705e-01
6.884291815464511632e-01
6.873394539426367356e-01
6.862064894914289281e-01
6.850321087789396080e-01
6.838180652068908127e-01
6.825660368266075473e-01
6.812776212165080336e-01
6.799543332602373535e-01
6.785976055563878173e-01
6.772087910837027991e-01
6.757891676635311429e-01
6.743399437085895176e-01
6.728622647264420609e-01
6.713572200584859706e-01
6.698258493793451951e-01
6.682691485541462084e-01
6.666880745472125724e-01
6.650835491884345974e-01
6.634564617251125229e-01
6.618076702089340513e-01
6.601380018812806894e-01
6.584482528171428095e-01
6.567391871619413513e-01
6.550115363408994806e-01
6.532659986345179526e-01
6.515032394951119077e-01
6.497238929296633714e-01
6.479285641972839516e-01
6.461178339706534768e-01
6.442922639968460263e-01
6.424524041719927858e-01
6.405988008240793841e-01
6.387320058872959505e-01
6.368525865566002642e-01
6.349611349391429682e-01
6.330582771745629778e-01
6.311446814821787266e-01
6.292210646112921246e-01
6.272881962209376772e-01
6.253469007954263192e-01
6.233980568084230844e-01
6.214425929760493128e-01
6.194814815822818899e-01
6.175157290107790020e-01
6.155463637681423128e-01
6.135744224267096758e-01
6.116009340422808860e-01
6.096269037064016016e-01
6.076532959677186652e-01
6.056810188973912323e-01
6.037109095766058919e-01
6.017437217482942691e-01
5.997801163013015691e-01
5.978206551461147100e-01
5.958657989018236734e-01
5.939159086506923257e-01
5.919712518375059851e-01
5.900320122044594440e-01
5.880983034680552501e-01
5.861701862713757372e-01
5.842476877918338918e-01
5.823308232586222877e-01
5.804196185418505349e-01
5.785141329212686312e-01
5.766144811291612493e-01
5.747208537901160597e-01
5.728335354484076491e-01
5.709529194783626860e-01
5.690795193088641346e-01
5.672139755535705596e-01
5.653570588150448328e-01
5.635096681153054510e-01
5.616728250878963991e-01
5.598476642385563640e-01
5.580354197345426259e-01
5.562374093096066341e-01
5.544550159669193734e-01
5.526896682222763868e-01
5.509428196530852251e-01
5.492159285056915641e-01
5.475104380667786819e-01
5.458277584286853612e-01
5.441692501789163749e-01
5.425362104279817244e-01
5.409298614641808722e-01
5.393513421963374022e-01
5.378017024228560761e-01
5.362818998536542647e-01
5.347927997155568214e-01
5.333351766948924988e-01
5.319097189153773053e-01
5.305170336151745492e-01
5.291576541732652128e-01
5.278320481396775454e-01
5.265406259433769165e-01
5.252837499817900602e-01
5.240617438328074584e-01
5.228749013693122505e-01
5.217234955941010277e-01
5.206077870460830148e-01
5.195280316546444510e-01
5.184844879366796722e-01
5.174774234398352712e-01
5.165071203369775432e-01
5.155738800727618365e-01
5.146780269562512000e-01
5.138199105872369721e-01
5.129999070018185225e-01
5.122184184284529485e-01
5.114758715618898943e-01
5.107727142912876772e-01
5.101094108609470767e-01
5.094864354970192188e-01
5.089042645987895686e-01
5.083633676653163125e-01
5.078641972021193940e-01
5.074071779228420676e-01
5.069926956210045743e-01
5.066210861314084379e-01
5.062926248242836103e-01
5.060075170740762074e-01
5.057658901169651555e-01
5.055677866565482237e-01
5.054131604980552916e-01
5.053018743917849775e-01
5.052337001523400373e-01
5.052083209987344725e-01
5.052253359394934806e-01
5.052842659145850845e-01
5.053845613099824385e-01
5.055256103873640994e-01
5.057067481259445163e-01
5.059272649588366644e-01
5.061864149035686378e-01
5.064834226343928325e-01
5.068174891195444953e-01
5.071877955445275310e-01
5.075935053564375465e-01
5.080337643864837327e-01
5.085076991305378380e-01
5.090144133823889527e-01
5.095529835144305686e-01
5.101224527793689623e-01
5.107218250597943543e-01
5.113500585174632906e-01
5.120060595903026535e-01
5.126886777541376228e-01
5.133967014113984817e-01
5.141288551956586517e-01
5.148837988950809574e-01
5.156601281064250308e-01
5.164563766410548151e-01
5.172710206215503925e-01
5.181024841371991707e-01
5.189491462726153470e-01
5.198093492879012345e-01
5.206814077116224126e-01
5.215636181080089973e-01
5.224542692947676814e-01
5.233516528139126045e-01
5.242540734911685929e-01
5.251598599551918767e-01
5.260673750223366918e-01
5.269750258822982758e-01
5.278812740423237670e-01
5.287846450010743604e-01
5.296837376272731657e-01
5.305772332133787961e-01
5.314639041619966253e-01
5.323426222446402400e-01
5.332123663509605871e-01
5.340722296243852751e-01
5.349214258594807703e-01
5.357592950196171655e-01
5.365853077222300094e-01
5.373990685345562124e-01
5.382003179258258996e-01
5.389889327327407331e-01
5.397649250136832277e-01
5.405284391928160126e-01
5.412797474275590215e-01
5.420192431710740832e-01
5.427474329443625622e-01
5.434649263797857177e-01
5.441724246478399918e-01
5.448707074311863741e-01
5.455606186624258891e-01
5.462430512932999749e-01
5.469189314108370281e-01
5.475892020573983610e-01
5.482548071440253024e-01
5.489166758663810430e-01
5.495757080368578462e-01
5.502327607324092318e-01
5.508886366230684173e-01
5.515440742905528548e-01
5.521997407701323413e-01
5.528562264548012584e-01
5.535140423927481512e-01
5.541736198931300761e-01
5.548353122381994851e-01
5.554993981897206057e-01
5.561660868822677628e-01
5.568355236223198057e-01
5.575077960660480558e-01
5.581829402339087975e-01
5.588609458379947270e-01
5.595417604474811624e-01
5.602252920948069814e-01
5.609114100248049350e-01
5.615999434038511096e-01
5.622906779282049738e-01
5.629833503921989335e-01
5.636776413904875938e-01
5.643731664280213778e-01
5.650694657923056585e-01
5.657659936020732472e-01
5.664621064838308850e-01
5.671570523433838718e-01
5.678499596953584527e-01
5.685398279926205944e-01
5.692255193625692655e-01
5.699057521119745839e-01
5.705790963093716472e-01
5.712439716968515935e-01
5.718986481237667840e-01
5.725412486349785723e-01
5.731697552873357138e-01
5.737820177107260111e-01
5.743757643750805331e-01
5.749486164723096593e-01
5.754981042724390816e-01
5.760216857666071721e-01
5.765167673657061176e-01
5.769807263827901878e-01
5.774109349899041455e-01
5.778047853058776440e-01
5.781597152414780227e-01
5.784732347022895071e-01
5.787429517286709624e-01
5.789665981367099201e-01
5.791420542152085904e-01
5.792673720323805453e-01
5.793407969130254243e-01
5.793607866635607229e-01
5.793260281493300967e-01
5.792354508666170965e-01
5.790882372013663737e-01
5.788838291276646730e-01
5.786219311709240865e-01
5.783025095426427287e-01
5.779257874434233777e-01
5.774922366265388129e-01
5.770025654123206449e-01
5.764577034404668732e-01
5.758587835388440102e-01
5.752071211691904828e-01
5.745041919779597661e-01
5.737516080306018784e-01
5.729510933364819758e-01
5.721044592773664172e-01
5.712135805336321370e-01
5.702803720597290349e-01
5.693067675955338913e-01
5.682947001162235168e-01
5.672460845246356520e-01
5.661628027818420561e-01
5.650466915599932083e-01
5.638995323920645841e-01
5.627230441922164150e-01
5.615188779330354540e-01
5.602886131964935901e-01
5.590337562671644500e-01
5.577557394110164157e-01
5.564559209813010332e-01
5.551355860139234322e-01
5.537959470157816089e-01
5.524381447077160168e-01
5.510632485545170489e-01
5.496722569930873048e-01
5.482660973509856372e-01
5.468456255259739329e-01
5.454116255676377811e-01
5.439648093602031942e-01
5.425058166474189258e-01
5.410352156631553777e-01
5.395535046332353701e-01
5.380611143950110309e-01
5.365584123417108664e-01
5.350457078411935408e-01
5.335232592065913826e-01
5.319912822138039843e-01
5.304499600729744024e-01
5.288994546735275026e-01
5.273399188405633042e-01
5.257715092698074244e-01
5.241943997534967981e-01
5.226087942742294601e-01
5.210149395302976494e-01
5.194131364654178684e-01
5.178037504074313180e-01
5.161872194726708774e-01
5.145640609620144579e-01
5.129348755569340668e-01
5.113003492144816420e-01
5.096612527538141313e-01
5.080184392188213938e-01
5.063728391869888323e-01
5.047254542701421487e-01
5.030773491150517529e-01
5.014296422591422164e-01
4.997834962274252946e-01
4.981401072709597533e-01
4.965006951449246198e-01
4.948664933063795512e-01
4.932387398793803834e-01
4.916186696895403219e-01
4.900075076132577312e-01
4.884064634206665145e-01
4.868167282181959932e-01
4.852394725192588076e-01
4.836758458929849014e-01
4.821269780645779379e-01
4.805939812702254010e-01
4.790779536083111800e-01
4.775799830800437351e-01
4.761011519794762781e-01
4.746425412770927110e-01
4.732052346435722257e-01
4.717903217807549732e-01
4.703989007636273922e-01
4.690320791478281293e-01
4.676909736581990051e-01
4.663767083413588033e-01
4.650904111351373271e-01
4.638332088760530603e-01
4.626062208297524458e-01
4.614105508860243954e-01
4.602472786080478717e-01
4.591174493644038512e-01
4.580220638018454582e-01
4.569620669373253841e-01
4.559383371596018586e-01
4.549516754342665115e-01
4.540027950010728786e-01
4.530923118387787940e-01
4.522207361497103673e-01
4.513884650835924828e-01
4.505957768777133499e-01
4.498428265388834668e-01
4.491296431335945472e-01
4.484561286888009146e-01
4.478220586406430059e-01
4.472270837065437932e-01
4.466707330022645639e-01
4.461524181842606573e-01
4.456714383729318829e-01
4.452269856067792575e-01
4.448181505920884571e-01
4.444439285467665646e-01
4.441032249878500426e-01
4.437948613757610183e-01
4.435175805993237796e-01
4.432700523578514407e-01
4.430508785641679159e-01
4.428585989496436892e-01
4.426916970944000940e-01
4.425486071294268964e-01
4.424277213603057812e-01
4.423273990440976244e-01
4.422459765124579500e-01
4.421817787773202335e-01
4.421331326833667363e-01
4.420983815878457568e-01
4.420759014571537526e-01
4.420641181755165516e-01
4.420615257687862121e-01
4.420667051603676123e-01
4.420783430013296433e-01
4.420952500571019295e-01
4.421163785928410306e-01
4.421408381819696420e-01
4.421679093700587315e-01
4.421970546607326136e-01
4.422279263517247538e-01
4.422603708364477582e-01
4.422944290965070691e-01
4.423303332392056753e-01
4.423684990754614410e-01
4.424095148808129263e-01
4.424541266278695928e-01
4.425032201149361466e-01
4.425578005351704092e-01
4.426189701271567856e-01
4.426879046158314623e-01
4.427658291888394437e-01
4.428539947559027024e-01
4.429536552077835698e-01
4.430660463290571616e-01
4.431923669286975676e-01
4.433337626394410202e-01
4.434913127068506045e-01
4.436660199485204514e-01
4.438588039196842416e-01
4.440704971802790779e-01
4.443018444268416189e-01
4.445535041362151940e-01
4.448260522723135324e-01
4.451199875363379688e-01
4.454357375982731515e-01
4.457736657351684673e-01
4.461340773203472665e-01
4.465172256564691744e-01
4.469233167215233005e-01
4.473525124965601618e-01
4.478049326612191794e-01
4.482806545712154644e-01
4.487797115628943123e-01
4.493020897556996851e-01
4.498477236357503184e-01
4.504164907956806352e-01
4.510082062714648177e-01
4.516226169521945777e-01
4.522593965417698869e-01
4.529181415226535834e-01
4.535983685136409371e-01
4.542995133306595990e-01
4.550209319578992773e-01
4.557619035231413318e-01
4.565216352535811373e-01
4.572992692741968401e-01
4.580938910065668335e-01
4.589045388380037505e-01
4.597302146633056585e-01
4.605698948575026597e-01
4.614225412190358644e-01
4.622871114289202610e-01
4.631625686010199527e-01
4.640478895491095823e-01
4.649420714643088259e-01
4.658441367775270625e-01
4.667531360711918986e-01
4.676681489979892525e-01
4.685882832568829537e-01
4.695126717640337732e-01
4.704404682341064570e-01
4.713708414526364687e-01
4.723029685694442037e-01
4.732360277745028543e-01
4.741691907296216590e-01
4.751016151214118022e-01
4.760324376734533791e-01
4.769607679100625885e-01
4.778856829028551578e-01
4.788062231583075645e-01
4.797213897240898417e-01
4.806301425097638247e-01
4.815313997393243506e-01
4.824240383852499425e-01
4.833068953819656399e-01
4.841787693858079500e-01
4.850384228423343935e-01
4.858845841416840616e-01
4.867159496882710323e-01
4.875311857793271919e-01
4.883289302726127046e-01
4.891077941196440571e-01
4.898663629382662421e-01
4.906031988877190830e-01
4.913168431809016301e-01
4.920058196135565498e-01
4.926686395015826836e-01
4.933038083911617799e-01
4.939098348403347383e-01
4.944852414670195540e-01
4.950285783224815384e-01
4.955384384893683491e-01
4.960134756306568971e-01
4.964524230429052665e-01
4.968541136077925247e-01
4.972174999033756593e-01
4.975416736426710451e-01
4.978258835618171729e-01
4.980695508892956647e-01
4.982722815938944727e-01
4.984338747303214134e-01
4.985543263714379836e-01
4.986338288248577943e-01
4.986727650657586386e-01
4.986716985618980247e-01
4.986313589040840544e-01
4.985526238698689272e-01
4.984364987249147450e-01
4.982840936935976628e-01
4.980966005994707513e-01
4.978752696831502123e-01
4.976213875504658102e-01
4.973362570922707504e-01
4.970211800577940542e-01
4.966774427679792048e-01
4.963063052380261020e-01
4.959089937545803073e-01
4.954866967378902531e-01
4.950405635268312343e-01
4.945717055668588658e-01
4.940811993668409174e-01
4.935700905259969851e-01
4.930393981191048547e-01
4.924901187652111489e-01
4.919232297877058069e-01
4.913396909941550317e-01
4.907404447529301050e-01
4.901264142092089382e-01
4.894984996532630861e-01
4.888575732172465993e-01
4.882044722219810451e-01
4.875399916130476186e-01
4.868648760086415894e-01
4.861798119254332473e-01
4.854854207512693254e-01
4.847822529959849858e-01
4.840707842775336389e-01
4.833514133961764880e-01
4.826244627225089734e-01
4.818901809847792039e-01
4.811487483969109080e-01
4.804002839304243322e-01
4.796448544097009492e-01
4.788824850079691497e-01
4.781131706465868159e-01
4.773368877557866430e-01
4.765536058424862942e-01
4.757632983290485673e-01
4.749659521734215240e-01
4.741615758519018842e-01
4.733502053758263384e-01
4.725319081171804880e-01
4.717067843299432295e-01
4.708749663682976760e-01
4.700366157146699808e-01
4.691919180354965357e-01
4.683410765764719486e-01
4.674843042886073219e-01
4.666218151385401192e-01
4.657538150987178827e-01
4.648804933331339706e-01
4.640020140906244150e-01
4.631185097894895963e-01
4.622300757243984481e-01
4.613367667504906788e-01
4.604385962029499679e-01
4.595355371973638414e-01
4.586275263324908757e-01
4.577144696896660592e-01
4.567962508996215587e-01
4.558727409361567617e-01
4.549438092042139559e-01
4.540093354241213630e-01
4.530692217785602938e-01
4.521234047864625127e-01
4.511718663983250166e-01
4.502146438673756412e-01
4.492518380352144014e-01
4.482836197720421745e-01
4.473102344217898541e-01
4.463320042128257614e-01
4.453493286972308174e-01
4.443626833688160693e-01
4.433726166771011501e-01
4.423797456982680454e-01
4.413847507443030005e-01
4.403883691894833752e-01
4.393913887728296275e-01
4.383946406009074925e-01
4.373989920331485259e-01
4.364053395874749608e-01
4.354146019627808673e-01
4.344277132410975795e-01
4.334456163089512870e-01
4.324692565258395072e-01
4.314995756676735517e-01
4.305375061825387206e-01
4.295839658121669569e-01
4.286398526512528173e-01
4.277060407336633618e-01
4.267833762456281765e-01
4.258726744673594355e-01
4.249747175334877003e-01
4.240902530779274704e-01
4.232199937902269005e-01
4.223646178598998713e-01
4.215247702257514106e-01
4.207010644833635848e-01
4.198940852410858460e-01
4.191043906590983803e-01
4.183325148635329560e-01
4.175789699037041891e-01
4.168442469200379086e-01
4.161288162162938287e-01
4.154331259835240542e-01
4.147575995041039021e-01
4.141026307689442132e-01
4.134685785643764655e-01
4.128557592198525694e-01
4.122644383446669170e-01
4.116948220112878198e-01
4.111470479545176193e-01
4.106211774394634695e-01
4.101171884988192295e-01
4.096349712443070890e-01
4.091743259146023437e-01
4.087349642313313769e-01
4.083165144986337092e-01
4.079185307056518162e-01
4.075405056844572660e-01
4.071818881493309283e-01
4.068421032108541224e-01
4.065205757338153369e-01
4.062167557062236756e-01
4.059301446209530595e-01
4.056603217531768446e-01
4.054069691544591181e-01
4.051698941832699852e-01
4.049490484531052537e-01
4.047445422007192595e-01
4.045566532515535441e-01
4.043858299777815524e-01
4.042326878936125523e-01
4.040979997989184724e-01
4.039826796506753026e-01
4.038877605979072083e-01
4.038143678465739850e-01
4.037636872153131939e-01
4.037369303929717046e-01
4.037352980096228783e-01
4.037599416825038978e-01
4.038119261985585462e-01
4.038921929501898545e-01
4.040015256565664958e-01
4.041405192873816499e-01
4.043095529676102307e-01
4.045087674893926843e-01
4.047380478987618879e-01
4.049970114677844957e-01
4.052850012128085266e-01
4.056010849814234986e-01
4.059440600074897820e-01
4.063124627268939193e-01
4.067045835567743017e-01
4.071184862673911664e-01
4.075520315168519314e-01
4.080029040728284651e-01
4.084686432097034414e-01
4.089466757421743592e-01
4.094343511348795261e-01
4.099289781105145969e-01
4.104278621648052017e-01
4.109283433850212663e-01
4.114278339595231482e-01
4.119238547599742839e-01
4.124140703767636418e-01
4.128963219941191309e-01
4.133686575067541114e-01
4.138293583075616233e-01
4.142769622183690714e-01
4.147102820953083580e-01
4.151284197181733804e-01
4.155307746693659987e-01
4.159170480213269516e-01
4.162872407787173157e-01
4.166416471586656400e-01
4.169808429331932076e-01
4.173056691957992559e-01
4.176172120417653288e-01
4.179167787621889119e-01
4.182058712386473864e-01
4.184861572839789767e-01
4.187594407018623843e-01
4.190276308324886179e-01
4.192927123148036950e-01
4.195567157302040884e-01
4.198216897028234085e-01
4.200896749230087490e-01
4.203626804396627947e-01
4.206426624402640480e-01
4.209315056109104169e-01
4.212310070488083924e-01
4.215428625915524918e-01
4.218686553361143399e-01
4.222098460494890793e-01
4.225677651255450584e-01
4.229436057206319433e-01
4.233384177047015418e-01
4.237531020946743165e-01
4.241884056903211242e-01
4.246449157068454827e-01
4.251230542873643548e-01
4.256230728767380622e-01
4.261450465382572994e-01
4.266888683892675060e-01
4.272542444131667283e-01
4.278406889669333357e-01
4.284475213398670768e-01
4.290738637274270628e-01
4.297186409624972336e-01
4.303805822967456951e-01
4.310582254504212729e-01
4.317499230559987411e-01
4.324538515168829256e-01
4.331680221952838306e-01
4.338902947421611755e-01
4.346183922946601497e-01
4.353499181996287049e-01
4.360823738804531224e-01
4.368131774511191390e-01
4.375396826962109631e-01
4.382591980760178751e-01
4.389690054773821015e-01
4.396663785069298003e-01
4.403486002062955706e-01
4.410129801507534086e-01
4.416568709655807612e-01
4.422776843518113621e-01
4.428729067493952232e-01
4.434401147784245989e-01
4.439769905868821698e-01
4.444813371980386174e-01
4.449510938956751649e-01
4.453843516160516103e-01
4.457793682383878187e-01
4.461345835873397614e-01
4.464486338881962224e-01
4.467203653539486008e-01
4.469488465373757102e-01
4.471333790536095032e-01
4.472735062702927755e-01
4.473690195730533614e-01
4.474199618419449354e-01
4.474266278175909051e-01
4.473895610915956667e-01
4.473095475223360373e-01
4.471876049530492114e-01
4.470249691932695613e-01
4.468230763167791442e-01
4.465835414289321403e-01
4.463081341626400911e-01
4.459987512736109938e-01
4.456573868184071641e-01
4.452861005085361756e-01
4.448869849338311089e-01
4.444621324312523769e-01
4.440136024330833542e-01
4.435433901541443458e-01
4.430533974652793305e-01
4.425454067468629904e-01
4.420210584213644101e-01
4.414818327316272217e-01
4.409290361683614878e-01
4.403637927663337504e-01
4.397870402957596569e-01
4.391995311863328144e-01
4.386018378486975511e-01
4.379943619128484067e-01
4.373773467933468329e-01
4.367508929223871683e-01
4.361149749649226859e-01
4.354694603431784050e-01
4.348141284455018241e-01
4.341486899690055190e-01
4.334728059378070153e-01
4.327861060392897974e-01
4.320882060210647913e-01
4.313787239836186505e-01
4.306572954825617083e-01
4.299235874168073623e-01
4.291773107236357410e-01
4.284182319296160890e-01
4.276461836197690825e-01
4.268610738895925460e-01
4.260628948389423298e-01
4.252517301565639785e-01
4.244277618318048062e-01
4.235912760173841662e-01
4.227426680548848625e-01
4.218824466627472125e-01
4.210112372746685483e-01
4.201297845036605083e-01
4.192389536934135741e-01
4.183397315040812137e-01
4.174332254652833862e-01
4.165206624165540550e-01
4.156033857472017923e-01
4.146828513459894228e-01
4.137606221788690530e-01
4.128383614316458172e-01
4.119178241846502275e-01
4.110008476267881239e-01
4.100893398641310972e-01
4.091852674286471925e-01
4.082906416402699024e-01
4.074075040139436554e-01
4.065379109270584324e-01
4.056839177675333197e-01
4.048475627671027643e-01
4.040308506892337781e-01
4.032357364910592601e-01
4.024641090208705418e-01
4.017177747564762424e-01
4.009984415448994977e-01
4.003077022800216600e-01
3.996470184587816998e-01
3.990177035923532789e-01
3.984209065157183205e-01
3.978575947324653472e-01
3.973285380423487445e-01
3.968342928154066085e-01
3.963751873843772144e-01
3.959513091134310714e-01
3.955624937537384200e-01
3.952083177064867336e-01
3.948880937768245447e-01
3.946008709179979479e-01
3.943454383381398975e-01
3.941203341815702754e-01
3.939238588138095354e-01
3.937540925484768195e-01
3.936089174687911196e-01
3.934860428298433965e-01
3.933830333909831278e-01
3.932973399287825189e-01
3.932263311244604265e-01
3.931673260063298647e-01
3.931176261549799711e-01
3.930745469412255111e-01
3.930354471564785346e-01
3.929977565034401543e-01
3.929590005325585556e-01
3.929168227279681291e-01
3.928690035580382212e-01
3.928134764043758054e-01
3.927483403651976235e-01
3.926718699921961653e-01
3.925825220643567870e-01
3.924789395286817362e-01
3.923599527493695227e-01
3.922245782072060205e-01
3.920720147842380876e-01
3.919016377601433621e-01
3.917129906410800610e-01
3.915057749441566148e-01
3.912798380752602334e-01
3.910351594681838461e-01
3.907718352005658535e-01
3.904900613667742770e-01
3.901901165669675042e-01
3.898723439594972695e-01
3.895371334126427887e-01
3.891849043707019118e-01
3.888160901068197783e-01
3.884311240580686775e-01
3.880304289160477760e-01
3.876144090700326950e-01
3.871834468655376282e-01
3.867379029506883836e-01
3.862781207442647080e-01
3.858044347873866298e-01
3.853171824560228664e-01
3.848167182381028728e-01
3.843034295430097225e-01
3.837777528372001146e-01
3.832401888081962693e-01
3.826913152638917737e-01
3.821317965803370242e-01
3.815623887145909721e-01
3.809839390864956377e-01
3.803973809830692998e-01
3.798037225244059734e-01
3.792040306205142763e-01
3.785994107140545073e-01
3.779909834167375915e-01
3.773798593844346905e-01
3.767671139215882925e-01
3.761537628503362485e-01
3.755407411229798043e-01
3.749288855038135915e-01
3.743189224106055479e-01
3.737114617043574838e-01
3.731069968695721051e-01
3.725059116589274910e-01
3.719084929094795267e-01
3.713149488941926979e-01
3.707254322726428741e-01
3.701400664638218596e-01
3.695589740937150203e-01
3.689823060771394436e-01
3.684102698785374219e-01
3.678431555567893696e-01
3.672813583270132520e-01
3.667253965571544150e-01
3.661759243461261137e-01
3.656337380894010836e-01
3.650997767135647498e-01
3.645751155402276455e-01
3.640609540104156605e-01
3.635585977529491308e-01
3.630694357066361344e-01
3.625949131995008790e-01
3.621365020442176563e-01
3.616956688232139117e-01
3.612738426069462827e-01
3.608723833723094798e-01
3.604925523636485218e-01
3.601354855656814791e-01
3.598021713361257978e-01
3.594934330775390596e-01
3.592099176160212237e-01
3.589520897042058900e-01
3.587202327849791095e-01
3.585144558506510037e-01
3.583347059226751341e-01
3.581807853746756809e-01
3.580523730435543617e-01
3.579490478383542396e-01
3.578703133824407967e-01
3.578156221284481409e-01
3.577843973807483535e-01
3.577760517555200193e-01
3.577900008056669190e-01
3.578256708308115708e-01
3.578825002667297417e-01
3.579599344812802730e-01
3.580574142654532332e-01
