1.000000000000000000e+00
9.998000752286954063e-01
9.992011907000730719e-01
9.982060013750362337e-01
9.968189153918802781e-01
9.950459703045687609e-01
9.928945559766478857e-01
9.903731929598805772e-01
9.874915716411581945e-01
9.842609214073974044e-01
9.806943905364905456e-01
9.768067236119887253e-01
9.726131415040856210e-01
9.681284135837834315e-01
9.633669956274452106e-01
9.583440901302373582e-01
9.530767397073042213e-01
9.475837205507947614e-01
9.418837601412040073e-01
9.359934738737452076e-01
9.299269317731360118e-01
9.236971943285289255e-01
9.173186816605090055e-01
9.108085076176425376e-01
9.041850813505999396e-01
8.974645902112475815e-01
8.906584939942224777e-01
8.837744993225388201e-01
8.768204586287715596e-01
8.698080870940034792e-01
8.627529551356059034e-01
8.556701383583433795e-01
8.485693242635199418e-01
8.414540987030404429e-01
8.343263059914627355e-01
8.271918559458656395e-01
8.200629124243341561e-01
8.129541890697293827e-01
8.058763728378565139e-01
7.988325510761508097e-01
7.918208519784911692e-01
7.848411041202211225e-01
7.778998927163077726e-01
7.710094427814004892e-01
7.641810137995337371e-01
7.574185285548448165e-01
7.507178759226782461e-01
7.440724139687230343e-01
7.374801020983650091e-01
7.309460954829185564e-01
7.244784756321804853e-01
7.180811219432517989e-01
7.117500836090568939e-01
7.054765262816937721e-01
6.992539241604421862e-01
6.930834552901029566e-01
6.869727953657147612e-01
6.809294748366296890e-01
6.749548452729080550e-01
6.690438104814567799e-01
6.631903340066682695e-01
6.573938730994880464e-01
6.516611015540892948e-01
6.460014600521785111e-01
6.404205194033262272e-01
6.349167470786910572e-01
6.294840199991060814e-01
6.241174131488912424e-01
6.188173288244338544e-01
6.135886834361748976e-01
6.084362007760710789e-01
6.033600914023085071e-01
5.983558386840396315e-01
5.934181257209493188e-01
5.885454566975290014e-01
5.837416904724144207e-01
5.790134093101482193e-01
5.743654424619510923e-01
5.697983663366203988e-01
5.653098847642260560e-01
5.608983460800046617e-01
5.565651753892127962e-01
5.523144727894904182e-01
5.481502932587971610e-01
5.440737277932117255e-01
5.400819503414957534e-01
5.361697879410906031e-01
5.323326668632738512e-01
5.285690161457613501e-01
5.248804374574205234e-01
5.212693839466461254e-01
5.177360844189426992e-01
5.142773258409861770e-01
5.108883709466561784e-01
5.075665737349713824e-01
5.043136458759863716e-01
5.011346240085994275e-01
4.980342964481728196e-01
4.950138025082143067e-01
4.920699423009297080e-01
4.891977418253691812e-01
4.863944106986848315e-01
4.836616541641273748e-01
4.810042802363472259e-01
4.784257387046440546e-01
4.759239260269189642e-01
4.734910102190848513e-01
4.711180381473780154e-01
4.688007398878081822e-01
4.665414991387370480e-01
4.643456578877182550e-01
4.622152762553259908e-01
4.601457418926558351e-01
4.581282270585690375e-01
4.561558594939258970e-01
4.542281761643776616e-01
4.523500277695204908e-01
4.505258945436041440e-01
4.487543625405181480e-01
4.470275159111192220e-01
4.453361210474260923e-01
4.436763596785948671e-01
4.420521342993266045e-01
4.404707323497846772e-01
4.389355053429014331e-01
4.374419579674270198e-01
4.359808684455985794e-01
4.345458362056473511e-01
4.331384338094956821e-01
4.317662910359342243e-01
4.304359325913650891e-01
4.291467461630780189e-01
4.278913532470722814e-01
4.266622058677424500e-01
4.254587864650149487e-01
4.242889725477868579e-01
4.231632232587784204e-01
4.220866917531320150e-01
4.210560276852054473e-01
4.200633347879930701e-01
4.191035915493646624e-01
4.181788264541044797e-01
4.172952762417638795e-01
4.164563807549016561e-01
4.156580476732480434e-01
4.148899514218435947e-01
4.141413524699593673e-01
4.134065370232479220e-01
4.126855278665645388e-01
4.119801134024977940e-01
4.112894050265373802e-01
4.106087000514085372e-01
4.099319196899260942e-01
4.092551834512285769e-01
4.085785209864695178e-01
4.079045062771299857e-01
4.072355055687064129e-01
4.065720144081118037e-01
4.059128130470819329e-01
4.052562111397047251e-01
4.046013341675570030e-01
4.039485334154055418e-01
4.032988870559697236e-01
4.026536654426194906e-01
4.020142002369751499e-01
4.013819457729799201e-01
4.007586525871100203e-01
4.001465531384653107e-01
3.995483662779775180e-01
3.989672945643213953e-01
3.984070433844545955e-01
3.978714144451764856e-01
3.973634962053103070e-01
3.968851079015717209e-01
3.964369111605549612e-01
3.960190344869242152e-01
3.956316037691727794e-01
3.952745149889297371e-01
3.949465481757403196e-01
3.946446932729831270e-01
3.943644135521813809e-01
3.941007954605263430e-01
3.938496969608323295e-01
3.936078903121726924e-01
3.933722120047565829e-01
3.931387300525147066e-01
3.929028351410719377e-01
3.926603141273163899e-01
3.924084901879113518e-01
3.921462366652593290e-01
3.918727730569686596e-01
3.915864370893383239e-01
3.912845226267256393e-01
3.909642200219800023e-01
3.906237388059697890e-01
3.902624016946041330e-01
3.898794595046464195e-01
3.894728236910025010e-01
3.890390036224586345e-01
3.885743290618579038e-01
3.880764641277298366e-01
3.875449580146510531e-01
3.869803736314901821e-01
3.863828158649563194e-01
3.857510832884665786e-01
3.850830686612122800e-01
3.843771871661305628e-01
3.836337706993424024e-01
3.828552224189111231e-01
3.820447402577494267e-01
3.812045626494776074e-01
3.803351061730917415e-01
3.794358693507907665e-01
3.785074380068064737e-01
3.775526961675995663e-01
3.765761115689285066e-01
3.755817204514547702e-01
3.745714154498338000e-01
3.735449748306025053e-01
3.725018677517331622e-01
3.714432329194518045e-01
3.703724959831539154e-01
3.692944773100982903e-01
3.682137695006866829e-01
3.671335453845418484e-01
3.660557929469968053e-01
3.649827318017045408e-01
3.639180476465498915e-01
3.628668989140116374e-01
3.618346120078919648e-01
3.608249163968045292e-01
3.598392778060320873e-01
3.588780842120083969e-01
3.579424662559573811e-01
3.570349505573104376e-01
3.561584380258308036e-01
3.553144765328166699e-01
3.545024674812126686e-01
3.537207043477680890e-01
3.529682595714747628e-01
3.522458534879464032e-01
3.515549364389024545e-01
3.508957372181213952e-01
3.502657642712244668e-01
3.496600535011590849e-01
3.490731678391901793e-01
3.485013660583711204e-01
3.479431101103355184e-01
3.473974811583213640e-01
3.468619170252096873e-01
3.463314478233303628e-01
3.458003681243637106e-01
3.452649280310058355e-01
3.447245636120850887e-01
3.441805568166474427e-01
3.436333258920903910e-01
3.430806252120183752e-01
3.425180294354771005e-01
3.419411328897694058e-01
3.413476254226531226e-01
3.407377921914486740e-01
3.401133548801110740e-01
3.394756708888095331e-01
3.388246197840845686e-01
3.381589777936834795e-01
3.374778578576683175e-01
3.367818405502706058e-01
3.360727380737782433e-01
3.353521337728816998e-01
3.346198427451172464e-01
3.338735762658331385e-01
3.331100807831350874e-01
3.323266541341580171e-01
3.315218273266732352e-01
3.306950522440065821e-01
3.298459428680494687e-01
3.289737076802362048e-01
3.280772813985516900e-01
3.271561004919474880e-01
3.262109203757807552e-01
3.252441936818817325e-01
3.242597860110512098e-01
3.232620274882500588e-01
3.222547604691357037e-01
3.212413064115078321e-01
3.202253333233930910e-01
3.192116766253222937e-01
3.182063072968210338e-01
3.172153846032575997e-01
3.162441531437505393e-01
3.152967713894567203e-01
3.143772888361053841e-01
3.134907721388283108e-01
3.126435321944105450e-01
3.118422798657614625e-01
3.110928219566231334e-01
3.103992975594595527e-01
3.097645842354768142e-01
3.091913755145883069e-01
3.086827744213214153e-01
3.082417685477262803e-01
3.078699233780763378e-01
3.075662738377317740e-01
3.073273340393387065e-01
3.071483057420320573e-01
3.070246525512749791e-01
3.069529780011348574e-01
3.069305897167822206e-01
3.069540346361294136e-01
3.070177926754374398e-01
3.071143311845762613e-01
3.072356426019557940e-01
3.073750968748367174e-01
3.075280244893461856e-01
3.076904831008390739e-01
3.078573677840186207e-01
3.080215893464821053e-01
3.081749548186683563e-01
3.083099856210801404e-01
3.084213487376526452e-01
3.085060062156089189e-01
3.085622475672624154e-01
3.085885343045014495e-01
3.085829296490733009e-01
3.085433599283221029e-01
3.084685669759627547e-01
3.083591749536657711e-01
3.082180861278707718e-01
3.080498453191362063e-01
3.078592467137778455e-01
3.076499337980521664e-01
3.074239804549251942e-01
3.071829073243553254e-01
3.069293576848308169e-01
3.066679914356023051e-01
3.064047281166493164e-01
3.061447525234423095e-01
3.058908322898502563e-01
3.056434618893787980e-01
3.054027786503850650e-01
3.051705019599315616e-01
3.049500692322717477e-01
3.047447068385794045e-01
3.045550022706283166e-01
3.043780995618410312e-01
3.042092740666286210e-01
3.040444736961132599e-01
3.038815415151009391e-01
3.037191124430109190e-01
3.035543737294600919e-01
3.033819624595689990e-01
3.031952248815310558e-01
3.029888393735472585e-01
3.027605365084113931e-01
3.025105514490095127e-01
3.022395855327070779e-01
3.019473318483565927e-01
3.016328693544984563e-01
3.012963195215330181e-01
3.009399832354323623e-01
3.005677400648082420e-01
3.001831354587808920e-01
2.997877539471245356e-01
2.993811373512390017e-01
2.989620777029380339e-01
2.985300237568044301e-01
2.980854814128616748e-01
2.976292942368978789e-01
2.971616137676851843e-01
2.966815192998839001e-01
2.961875969236469341e-01
2.956789726009698693e-01
2.951559967238593929e-01
2.946200676212431535e-01
2.940726378926519224e-01
2.935140098135726738e-01
2.929427659090184100e-01
2.923562982393041465e-01
2.917521005178765892e-01
2.911288584778387589e-01
2.904864536622639992e-01
2.898249271990788190e-01
2.891434910976271588e-01
2.884407102486680752e-01
2.877159205285019228e-01
2.869708160602079672e-01
2.862099135502972347e-01
2.854394918691104954e-01
2.846658422230244345e-01
2.838941156584829928e-01
2.831284362232818208e-01
2.823729164895885657e-01
2.816325055572173053e-01
2.809126988982906803e-01
2.802180706934380705e-01
2.795506328896705250e-01
2.789092557356957491e-01
2.782905913308483803e-01
2.776907916543219779e-01
2.771067736376677249e-01
2.765363224236387918e-01
2.759774083609248807e-01
2.754276731558260582e-01
2.748846814396477267e-01
2.743467457211968274e-01
2.738135972564370579e-01
2.732862299015228480e-01
2.727658769665609051e-01
2.722528076789018647e-01
2.717457802912009446e-01
2.712424428244820107e-01
2.707402204203190332e-01
2.702368756292105600e-01
2.697303190355632707e-01
2.692180851264588948e-01
2.686973140325251141e-01
2.681655955930916102e-01
2.676221103877228225e-01
2.670680731350101311e-01
2.665060238857599462e-01
2.659385680356666781e-01
2.653676997211809607e-01
2.647952728943263057e-01
2.642240587176975519e-01
2.636582678103713273e-01
2.631029596964297723e-01
2.625628509843278002e-01
2.620415937643459925e-01
2.615421220214134146e-01
2.610676738915899131e-01
2.606225214148661373e-01
2.602117501718169690e-01
2.598402810057396928e-01
2.595118878714574029e-01
2.592288010413509869e-01
2.589919341781649620e-01
2.588013672222492789e-01
2.586566769423776502e-01
2.585569698588192078e-01
2.585007175713340266e-01
2.584854995769226282e-01
2.585077333188383064e-01
2.585625647759297596e-01
2.586441006007548227e-01
2.587459732971880144e-01
2.588619485477705595e-01
2.589861310440416675e-01
2.591125974873923488e-01
2.592348717485524201e-01
2.593459361978328603e-01
2.594390872241141288e-01
2.595091982310179235e-01
2.595534805295381386e-01
2.595711380749971542e-01
2.595622305677929287e-01
2.595266990453644618e-01
2.594642414552174037e-01
2.593748915750977435e-01
2.592595366117834699e-01
2.591197146222722347e-01
2.589567604756400909e-01
2.587710121927320195e-01
2.585617284534610372e-01
2.583277505638068572e-01
2.580683668636253869e-01
2.577837301668310377e-01
2.574745991264375533e-01
2.571417604388823719e-01
2.567856994447009211e-01
2.564067843988288020e-01
2.560057627692182147e-01
2.555841093974470235e-01
2.551438656805794514e-01
2.546869820784552485e-01
2.542145515046901338e-01
2.537264513789138087e-01
2.532217134646534973e-01
2.526994839383133185e-01
2.521600024557644759e-01
2.516049932101278030e-01
2.510373212068044424e-01
2.504603674591230345e-01
2.498777581521707536e-01
2.492936275463336349e-01
2.487129494637087268e-01
2.481412813252619198e-01
2.475836786786305699e-01
2.470432115866545431e-01
2.465199628591258352e-01
2.460112182170657302e-01
2.455127821960692847e-01
2.450205587270934682e-01
2.445314155221259000e-01
2.440430359914979308e-01
2.435533829760893054e-01
2.430607383083317197e-01
2.425646837078578588e-01
2.420673994635628712e-01
2.415742457926095543e-01
2.410930940334584383e-01
2.406327470986025230e-01
2.402013399702282448e-01
2.398055316748389787e-01
2.394506677129691619e-01
2.391413623814826750e-01
2.388817261044421936e-01
2.386749175047312432e-01
2.385224095946451295e-01
2.384237189996651352e-01
2.383770221924819688e-01
2.383803129247693831e-01
2.384322499820496211e-01
2.385320751164381192e-01
2.386787027063005384e-01
2.388696930498917237e-01
2.391008825450323116e-01
2.393669041167176825e-01
2.396621003757562207e-01
2.399810431302663583e-01
2.403183041574299961e-01
2.406678881964124384e-01
2.410231054419759988e-01
2.413772340814185624e-01
2.417245112994640954e-01
2.420606309054943728e-01
2.423823801500311348e-01
2.426868310782739346e-01
2.429708382721736115e-01
2.432312250248845065e-01
2.434654001022983905e-01
2.436718432977858784e-01
2.438501255689864422e-01
2.440005814270612694e-01
2.441239858400120477e-01
2.442214568730180779e-01
2.442945305072707907e-01
2.443452250816552096e-01
2.443759860226038805e-01
2.443895215681726185e-01
2.443885673279917459e-01
2.443755788998949741e-01
2.443523922510875135e-01
2.443200293679173851e-01
2.442788467932311414e-01
2.442290018912388339e-01
2.441709496658527045e-01
2.441056543681515145e-01
2.440344583225478314e-01
2.439588928011326430e-01
2.438807985219436092e-01
2.438028072180588868e-01
2.437288220645749681e-01
2.436640371408036188e-01
2.436143543758728935e-01
2.435855444161837968e-01
2.435827304991050879e-01
2.436104848187181371e-01
2.436732656347309900e-01
2.437756312049394192e-01
2.439218795005174412e-01
2.441152683519641764e-01
2.443573591408807200e-01
2.446479643197601583e-01
2.449856913939837122e-01
2.453685825985280344e-01
2.457942819477923757e-01
2.462595888645617015e-01
2.467598310836629227e-01
2.472886936808292579e-01
2.478387498387787102e-01
2.484022961083031666e-01
2.489718196425732555e-01
2.495397828117418004e-01
2.500980525995835646e-01
2.506376376242597237e-01
2.511491414877367045e-01
2.516237290021251516e-01
2.520539600142636671e-01
2.524339542215897070e-01
2.527589067278739887e-01
2.530244942033678668e-01
2.532267700994099147e-01
2.533627061225480759e-01
2.534309505387684069e-01
2.534321302187187430e-01
2.533683430278996784e-01
2.532421104445888305e-01
2.530554824753787346e-01
2.528098803913223502e-01
2.525067086554919071e-01
2.521481980181277671e-01
2.517378128109530322e-01
2.512799550395732329e-01
2.507792775305053290e-01
2.502402014224395788e-01
2.496669884227939451e-01
2.490641553455667512e-01
2.484366481209079047e-01
2.477893710801884197e-01
2.471262497676244840e-01
2.464494679503493046e-01
2.457594274397761624e-01
2.450554024951793197e-01
2.443363273959975046e-01
2.436011340481787635e-01
2.428485216764491028e-01
2.420765551392073667e-01
2.412826112387158328e-01
2.404638492524602822e-01
2.396179091410391149e-01
2.387433517287824436e-01
2.378395852377127306e-01
2.369064726914710539e-01
2.359441153363537602e-01
2.349531869471989942e-01
2.339357281316131187e-01
2.328958855040602072e-01
2.318400616541596015e-01
2.307763523466176692e-01
2.297136389662601252e-01
2.286608508967410691e-01
2.276266130298742474e-01
2.266190771549259630e-01
2.256456159692721564e-01
2.247123089791089601e-01
2.238234737538627450e-01
2.229815612436812367e-01
2.221874949661866439e-01
2.214412524049140518e-01
2.207424220262852732e-01
2.200905901327572245e-01
2.194855152002211651e-01
2.189270703026731102e-01
2.184149807149238232e-01
2.179484988678738744e-01
2.175262294193124057e-01
2.171462166092818502e-01
2.168061841278622615e-01
2.165036878975559465e-01
2.162360408046525850e-01
2.160000932646139737e-01
2.157920947032619385e-01
2.156078069048380230e-01
2.154428320314538681e-01
2.152929124241747816e-01
2.151539414459277266e-01
2.150216500156794941e-01
2.148912275613414080e-01
2.147572222294066024e-01
2.146138436200734634e-01
2.144554697529350573e-01
2.142770498446494587e-01
2.140742759314153421e-01
2.138436410362041795e-01
2.135825454740042928e-01
2.132894477383567855e-01
2.129638994980299627e-01
2.126063262287223588e-01
2.122175792898663982e-01
2.117984317698825558e-01
2.113492030008383704e-01
2.108695944931740784e-01
2.103587117966644326e-01
2.098152070518403411e-01
2.092374986555042837e-01
2.086240556691316417e-01
2.079737187001035048e-01
2.072859673084932464e-01
2.065610227821021716e-01
2.057997591407762228e-01
2.050035215524025067e-01
2.041739861410367673e-01
2.033130915982504505e-01
2.024229509112814573e-01
2.015056710838829812e-01
2.005631574585294008e-01
1.995970736200793072e-01
1.986090440694826542e-01
1.976010031738539841e-01
1.965754918888096281e-01
1.955357771760552477e-01
1.944858340564293575e-01
1.934303182025125523e-01
1.923745881661437229e-01
1.913246867868702850e-01
1.902871182416868701e-01
1.892683681728243861e-01
1.882743471659179268e-01
1.873100720634151006e-01
1.863797688486631132e-01
1.854872717725950804e-01
1.846363777481795643e-01
1.838308877107961981e-01
1.830743576552793794e-01
1.823698176924522518e-01
1.817196892983481138e-01
1.811258998206217996e-01
1.805899998716780919e-01
1.801131031632164925e-01
1.796956554346894885e-01
1.793372188253597455e-01
1.790364670961600846e-01
1.787914197540270422e-01
1.785997405409975591e-01
1.784588484550562737e-01
1.783657104597379806e-01
1.783164365991797840e-01
1.783059868447560703e-01
1.783282491511118673e-01
1.783764790467217420e-01
1.784438234112933619e-01
1.785236228141522663e-01
1.786094345903025959e-01
1.786950147134185041e-01
1.787745472874426034e-01
1.788431559979896668e-01
1.788974097654992546e-01
1.789354497000479882e-01
1.789566108875722261e-01
1.789607872147805367e-01
1.789479639318042603e-01
1.789181682213969449e-01
1.788717184070327815e-01
1.788094074687453239e-01
1.787323476854482951e-01
1.786415506366216543e-01
1.785376045467177986e-01
1.784207654868840698e-01
1.782914320128841101e-01
1.781506435472121896e-01
1.780002397503440137e-01
1.778426423835319514e-01
1.776805602835788145e-01
1.775169487184881933e-01
1.773552595277540500e-01
1.771996947111761367e-01
1.770551347383441387e-01
1.769266877367333402e-01
1.768191351627442509e-01
1.767366265931922809e-01
1.766827389608910670e-01
1.766607014251412311e-01
1.766734909401836140e-01
1.767236887963863634e-01
1.768132436089316362e-01
1.769433583549489264e-01
1.771145714009390859e-01
1.773269169853520788e-01
1.775800033045183413e-01
1.778729377700046799e-01
1.782041463634818079e-01
1.785711897219096900e-01
1.789706631586287511e-01
1.793982136215320489e-01
1.798486493390975827e-01
1.803160880838474700e-01
1.807941002821589205e-01
1.812758347250171820e-01
1.817541410327406237e-01
1.822217256349730752e-01
1.826714024734049369e-01
1.830964841501946105e-01
1.834912528790397790e-01
1.838513096908601929e-01
1.841735893560459969e-01
1.844560305982589909e-01
1.846971576901039747e-01
1.848958989272505571e-01
1.850517476293783714e-01
1.851650608654143437e-01
1.852371849990720742e-01
1.852702822130910532e-01
1.852670132276987847e-01
1.852303443458481191e-01
1.851635978252015036e-01
1.850705899367025009e-01
1.849555521825219928e-01
1.848226665197080787e-01
1.846753726671512275e-01
1.845158359201185261e-01
1.843448748593003728e-01
1.841623133733353568e-01
1.839674522135742174e-01
1.837593877889021898e-01
1.835371628606660699e-01
1.832999289130335940e-01
1.830472517104328178e-01
1.827794884384276730e-01
1.824980322612169692e-01
1.822052757197228923e-01
1.819043091300741322e-01
1.815984930534232378e-01
1.812910588040140825e-01
1.809848354765948297e-01
1.806821368007615336e-01
1.803847962527503623e-01
1.800943185154496307e-01
1.798121133289575790e-01
1.795397751244851015e-01
1.792793476395259933e-01
1.790334834268294262e-01
1.788054259416719527e-01
1.785988180390813140e-01
1.784174091367345949e-01
1.782647294671909077e-01
1.781437420894925461e-01
1.780564453449311191e-01
1.780034259265524388e-01
1.779834351002602122e-01
1.779931185122577697e-01
1.780270264307574624e-01
1.780779593191445243e-01
1.781375932587320743e-01
1.781972367443908078e-01
1.782485516643378398e-01
1.782841321403716428e-01
1.782979090865104144e-01
1.782853703021298752e-01
1.782435721438463128e-01
1.781709353801973483e-01
1.780668804050444531e-01
1.779314101959731387e-01
1.777647439902049764e-01
1.775670564327983814e-01
1.773383362130774576e-01
1.770783641870860015e-01
1.767868029333787006e-01
1.764633732646141429e-01
1.761080778489060306e-01
1.757214214661255713e-01
1.753045659158161684e-01
1.748593599884356586e-01
1.743882282220989843e-01
1.738939791552672198e-01
1.733796470514279431e-01
1.728484491673396573e-01
1.723038335545351574e-01
1.717495073242494008e-01
1.711893601459715530e-01
1.706273067677583355e-01
1.700671511076516096e-01
1.695125415222504817e-01
1.689669746612635914e-01
1.684337287097669722e-01
1.679156542700627752e-01
1.674148951405029784e-01
1.669327223931812432e-01
1.664696287217356241e-01
1.660256636324188018e-01
1.656008391605289509e-01
1.651954352412033089e-01
1.648101706529583044e-01
1.644463279797341582e-01
1.641058942607529492e-01
1.637916324681261138e-01
1.635069053192425015e-01
1.632551658463846922e-01
1.630392532042522769e-01
1.628607874696046121e-01
1.627198940890429157e-01
1.626152585375329751e-01
1.625443191955430189e-01
1.625034082469768715e-01
1.624878115756003272e-01
1.624918642083356402e-01
1.625091885751583920e-01
1.625330411612656012e-01
1.625566095086185270e-01
1.625731206081802993e-01
1.625757653287225046e-01
1.625575827683680974e-01
1.625114717324129265e-01
1.624304006793562127e-01
1.623077631634537721e-01
1.621377681580150887e-01
1.619157822820476433e-01
1.616385946876146285e-01
1.613045909911863807e-01
1.609137996707792617e-01
1.604677691991374111e-01
1.599692856374434480e-01
1.594220138868494008e-01
1.588301693338434739e-01
1.581982780137344835e-01
1.575310162553484605e-01
1.568330978338033088e-01
1.561091975051443759e-01
1.553639113273300731e-01
1.546017287962583586e-01
1.538269698772305738e-01
1.530436736490239369e-01
1.522554970899326898e-01
1.514657131184347916e-01
1.506773357965587867e-01
1.498932901158595565e-01
1.491164863189051726e-01
1.483497188106453479e-01
1.475954471326247908e-01
1.468556179914410065e-01
1.461316649646789145e-01
1.454246873684503227e-01
1.447356707398457509e-01
1.440655924127061949e-01
1.434153786025427202e-01
1.427858312107138372e-01
1.421776814106175679e-01
1.415918183491952087e-01
1.410295869416568204e-01
1.404929889131467657e-01
1.399847017345192679e-01
1.395079657121245931e-01
1.390664569109976434e-01
1.386642170680219555e-01
1.383056098139673618e-01
1.379952121598108650e-01
1.377375794510754536e-01
1.375369084070901249e-01
1.373966947882274414e-01
1.373194900201650526e-01
1.373068036788300528e-01
1.373591161883259693e-01
1.374759140882080843e-01
1.376556721837223496e-01
1.378957689710443857e-01
1.381923877692283198e-01
1.385404849071764366e-01
1.389338838300731294e-01
1.393654929113500307e-01
1.398275805736172717e-01
1.403120199908973187e-01
1.408104608508045918e-01
1.413144656439253855e-01
1.418156873208879509e-01
1.423061135327139681e-01
1.427783000763166998e-01
1.432254699745046655e-01
1.436414292479986088e-01
1.440203879298508627e-01
1.443568458837086177e-01
1.446456372729527928e-01
1.448820839276128147e-01
1.450621166454389155e-01
1.451822632522118683e-01
1.452395276984896899e-01
1.452312715045264158e-01
1.451551770560152443e-01
1.450092664922287000e-01
1.447918937532483297e-01
1.445016879374215191e-01
1.441375355729020147e-01
1.436987184699405062e-01
1.431852295676067643e-01
1.425981627001695617e-01
1.419400312122884311e-01
1.412149328251574576e-01
1.404285641078835412e-01
1.395881230651695726e-01
1.387021215779519479e-01
1.377801044485882365e-01
1.368322699576076384e-01
1.358690122423619195e-01
1.349004481934895638e-01
1.339360260400257741e-01
1.329843023523379353e-01
1.320529038391900500e-01
1.311485987348234850e-01
1.302773575644604886e-01
1.294443164965410065e-01
1.286536332177191377e-01
1.279082841118333591e-01
1.272098677391354515e-01
1.265584750304635520e-01
1.259526853960930559e-01
1.253897416679501664e-01
1.248659206134815070e-01
1.243770495438791812e-01
1.239190586483551043e-01
1.234884404173817868e-01
1.230825164852035331e-01
1.226994645240592208e-01
1.223381104608870784e-01
1.219975375493060898e-01
1.216766027476912371e-01
1.213734734091507644e-01
1.210852907305943887e-01
1.208080303887456852e-01
1.205365835963325277e-01
1.202650465367136323e-01
1.199871892370351634e-01
1.196970618106520390e-01
1.193896726452318979e-01
1.190616481548132655e-01
1.187117780845170223e-01
1.183413662374923209e-01
1.179543240626519940e-01
1.175569580639034412e-01
1.171574389754465872e-01
1.167650216372382588e-01
1.163891735694821544e-01
1.160387963533351802e-01
1.157216605838961715e-01
1.154440775927724205e-01
1.152107778181086090e-01
1.150249742629568805e-01
1.148886078045427556e-01
1.148027462813930033e-01
1.147680474208750967e-01
1.147851511728644053e-01
1.148548860563679969e-01
1.149782535209676326e-01
1.151562442919396578e-01
1.153895823232410356e-01
1.156784648517134723e-01
1.160223093582839898e-01
1.164194933184398428e-01
1.168671074617004535e-01
1.173608014995010523e-01
1.178948195113048297e-01
1.184622724897300833e-01
1.190556096915683093e-01
1.196671843095775539e-01
1.202897929481055866e-01
1.209170945949010756e-01
1.215438582534162093e-01
1.221660280260445097e-01
1.227806196033613961e-01
1.233854741004591360e-01
1.239789067893903168e-01
1.245593118933499416e-01
1.251248126340172018e-01
1.256730500125286532e-01
1.262011653058886240e-01
1.267059677515728344e-01
1.271842316025305342e-01
1.276330569657349590e-01
1.280502385489319106e-01
1.284345873771684521e-01
1.287861419117966311e-01
1.291062106500991402e-01
1.293972219526700884e-01
1.296624043336429555e-01
1.299053571399332030e-01
1.301295866577805438e-01
1.303380821183028060e-01
1.305329987579720852e-01
1.307155027789090873e-01
1.308858105793130333e-01
1.310434167445024556e-01
1.311874576147395444e-01
1.313171215924730240e-01
1.314320171778351198e-01
1.315324448382650946e-01
1.316195603319975094e-01
1.316954339557478149e-01
1.317629999653970319e-01
1.318258790092303179e-01
1.318880670817750012e-01
1.319535145587269476e-01
1.320256487391468225e-01
1.321069090646611877e-01
1.321983650549576894e-01
1.322994775771103582e-01
1.324080469137567662e-01
1.325203661555676427e-01
1.326315646057619757e-01
1.327360838215081162e-01
1.328281886941931611e-01
1.329024006739224495e-01
1.329537703963045159e-01
1.329779754797959235e-01
1.329712979182414989e-01
1.329305626074683833e-01
1.328530930851221092e-01
1.327366926405946224e-01
1.325796351106807436e-01
1.323806687172126295e-01
1.321390671600395084e-01
1.318547558049246726e-01
1.315284885642183654e-01
1.311620008192531384e-01
1.307580693493216317e-01
1.303204709174043685e-01
1.298538904623936230e-01
1.293638349380637764e-01
1.288565634683575822e-01
1.283390008409753258e-01
1.278186046608529858e-01
1.273031998300804823e-01
1.268008260956758615e-01
1.263196233109328825e-01
1.258677195650975689e-01
1.254530500903220935e-01
1.250830644271976877e-01
1.247643553471203953e-01
1.245022989210598924e-01
1.243007865240609855e-01
1.241620760525987827e-01
1.240867449004952605e-01
1.240737200307724941e-01
1.241203760068522316e-01
1.242227024957388570e-01
1.243755403825159700e-01
1.245728801566380883e-01
1.248082124580656427e-01
1.250749081420987896e-01
1.253665758744472447e-01
1.256773164785244257e-01
1.260018017472782081e-01
1.263351688713101051e-01
1.266728077547201736e-01
1.270101638185745785e-01
1.273426472816775734e-01
1.276656597470372245e-01
1.279746857921839620e-01
1.282653914338266476e-01
1.285337070479727617e-01
1.287759045605202102e-01
1.289886800329270167e-01
1.291692314115354678e-01
1.293153032121681645e-01
1.294251731707129482e-01
1.294975792970653183e-01
1.295316135186900530e-01
1.295266212926712845e-01
1.294821368277030704e-01
1.293978599994735634e-01
1.292736619344798665e-01
1.291096027354605713e-01
1.289059546845917614e-01
1.286632386389217342e-01
1.283822912404469219e-01
1.280643779214622191e-01
1.277113485535658899e-01
1.273258088275578126e-01
1.269112699814038958e-01
1.264722506124173473e-01
1.260143213181093846e-01
1.255440816483811284e-01
1.250690377841240097e-01
1.245973372886094582e-01
1.241373434852785090e-01
1.236970914265688865e-01
1.232837213758653239e-01
1.229029976059528989e-01
1.225589872635713673e-01
1.222539241940717031e-01
1.219882462001882911e-01
1.217607804770864388e-01
1.215690496797165177e-01
1.214096633433363187e-01
1.212787378107435532e-01
1.211722608092195286e-01
1.210863080321703117e-01
1.210170509628988034e-01
1.209605652832586864e-01
1.209125228067904345e-01
1.208678838316501608e-01
1.208206865578407840e-01
1.207639813633408221e-01
1.206899190423174340e-01
1.205899898798675485e-01
1.204554101382143277e-01
1.202776398347963766e-01
1.200489821821278946e-01
1.197631767531745495e-01
1.194158836305282967e-01
1.190049822769474602e-01
1.185306659894384274e-01
1.179953648586132831e-01
1.174035451424768062e-01
1.167614131292255691e-01
1.160765310475921769e-01
1.153573603022074873e-01
1.146127759227168613e-01
1.138516126666181821e-01
1.130822876361884805e-01
1.123125108923677395e-01
1.115490760393296477e-01
1.107977326270287721e-01
1.100631662330120858e-01
1.093491194511411468e-01
1.086586590333830649e-01
1.079945410871128997e-01
1.073595807754640502e-01
1.067569284812528857e-01
1.061901970298169684e-01
1.056634447601094845e-01
1.051810547113373184e-01
1.047475447719634356e-01
1.043673213126760091e-01
1.040443844637694154e-01
1.037820130026258086e-01
1.035824753706303114e-01
1.034468074826480621e-01
1.033746731617355696e-01
1.033643026817435001e-01
1.034125017672585939e-01
1.035147285360919489e-01
1.036652343900836548e-01
1.038572560221763252e-01
