1.000000000000000000e+00
9.998000715012506090e-01
9.992011421182682707e-01
9.982057671311592717e-01
9.968181674237709400e-01
9.950441764212465401e-01
9.928911693617917811e-01
9.903679767461764927e-01
9.874847840827470913e-01
9.842530202344910162e-01
9.806852367786347280e-01
9.767949808128324474e-01
9.725966635940601623e-01
9.681054272871927324e-01
9.633370119425083145e-01
9.583076246269098819e-01
9.530338124143565848e-01
9.475323407073256154e-01
9.418200781214322026e-01
9.359138889269049688e-01
9.298305338084368321e-01
9.235865794827480268e-01
9.171983175037122793e-01
9.106816923897474991e-01
9.040522390286792609e-01
8.973250291526445599e-01
8.905146265306218556e-01
8.836350504003400719e-01
8.766997465556652935e-01
8.697215654216102765e-01
8.627127463882015013e-01
8.556849076378825192e-01
8.486490406895565997e-01
8.416155088962923303e-01
8.345940491724342936e-01
8.275937762879618242e-01
8.206231891507171916e-01
8.136901785969347101e-01
8.068020363224142066e-01
7.999654647048086709e-01
7.931865873856994709e-01
7.864709605923498881e-01
7.798235852770589727e-01
7.732489202310371956e-01
7.667508963848246317e-01
7.603329325357752744e-01
7.539979527433410267e-01
7.477484056059523487e-01
7.415862855816588439e-01
7.355131564430656965e-01
7.295301768715648505e-01
7.236381281033349433e-01
7.178374434479372068e-01
7.121282394168465535e-01
7.065103481307918321e-01
7.009833506267035830e-01
6.955466106610220800e-01
6.901993086073292538e-01
6.849404750716387991e-01
6.797690238945546248e-01
6.746837842702047006e-01
6.696835317796877574e-01
6.647670182035733122e-01
6.599330000350697167e-01
6.551802656556324767e-01
6.505076611520868024e-01
6.459141147462882371e-01
6.413986597747252105e-01
6.369604561001095400e-01
6.325988097659929199e-01
6.283131906277256151e-01
6.241032476183747679e-01
6.199688212468367210e-01
6.159099528864556694e-01
6.119268904030601419e-01
6.080200896960178403e-01
6.041902117859895283e-01
6.004381151765134650e-01
5.967648433389620699e-01
5.931716073146903190e-01
5.896597635860799658e-01
5.862307875308130356e-01
5.828862429322451133e-01
5.796277481654210639e-01
5.764569398064516292e-01
5.733754345176789169e-01
5.703847901388544583e-01
5.674864669636018322e-01
5.646817901999680034e-01
5.619719146043066216e-01
5.593577922399393110e-01
5.568401442475482410e-01
5.544194374245615675e-01
5.520958662978724396e-01
5.498693412398618641e-01
5.477394830242381385e-01
5.457056240480513409e-01
5.437668162624307300e-01
5.419218456609409262e-01
5.401692529752137872e-01
5.385073600282852535e-01
5.369343010029051788e-01
5.354480577021792920e-01
5.340464977209932185e-01
5.327274143167284315e-01
5.314885666751663074e-01
5.303277192194276735e-01
5.292426786131126937e-01
5.282313271678772404e-01
5.272916514830356949e-01
5.264217653195271129e-01
5.256199259386088452e-01
5.248845434089951523e-01
5.242141826933275350e-01
5.236075586509220114e-01
5.230635244213196478e-01
5.225810539633100049e-01
5.221592197979192385e-01
5.217971672234779090e-01
5.214940864217489924e-01
5.212491839456614429e-01
5.210616550664335378e-01
5.209306583617961950e-01
5.208552937548756034e-01
5.208345849779463244e-01
5.208674671543643830e-01
5.209527798862649828e-01
5.210892659271468830e-01
5.212755752287715483e-01
5.215102738994631393e-01
5.217918574107561769e-01
5.221187672503455612e-01
5.224894101446906358e-01
5.229021789617389615e-01
5.233554744449840923e-01
5.238477270126127294e-01
5.243774179653996059e-01
5.249430995693805668e-01
5.255434136001899681e-01
5.261771080438538695e-01
5.268430517359158349e-01
5.275402467830947462e-01
5.282678386493900868e-01
5.290251238052355864e-01
5.298115548403060648e-01
5.306267429356613663e-01
5.314704575872410963e-01
5.323426234778981803e-01
5.332433144149061333e-01
5.341727442880047638e-01
5.351312550605537011e-01
5.361193018820539224e-01
5.371374355002861423e-01
5.381862822504965838e-01
5.392665220004563276e-01
5.403788645269680391e-01
5.415240248842998483e-01
5.427026983915761438e-01
5.439155359093705844e-01
5.451631200916148279e-01
5.464459432856215715e-01
5.477643877102620351e-01
5.491187084716829814e-01
5.505090198807893742e-01
5.519352854213472881e-01
5.533973115881229976e-01
5.548947456769578457e-01
5.564270774702116951e-01
5.579936446281635876e-01
5.595936414759998812e-01
5.612261307725818771e-01
5.628900579654925185e-01
5.645842673799816858e-01
5.663075197586504572e-01
5.680585105639720522e-01
5.698358884747443120e-01
5.716382735474037080e-01
5.734642745686580056e-01
5.753125051922751698e-01
5.771815985241259828e-01
5.790702198907947684e-01
5.809770775937563858e-01
5.829009315105107003e-01
5.848405994550529563e-01
5.867949612530433123e-01
5.887629605245902065e-01
5.907436042026531497e-01
5.927359598517183414e-01
5.947391508928642212e-01
5.967523498897929768e-01
5.987747701061401084e-01
6.008056556056575737e-01
6.028442702292221567e-01
6.048898858404678780e-01
6.069417702778181489e-01
6.089991754780237354e-01
6.110613262389569256e-01
6.131274100638197666e-01
6.151965684742294327e-01
6.172678900986012795e-01
6.193404057404675589e-01
6.214130855174059276e-01
6.234848380446995630e-01
6.255545115292975300e-01
6.276208965478011770e-01
6.296827302148149119e-01
6.317387014088582387e-01
6.337874567135358683e-01
6.358276067497000694e-01
6.378577326152746751e-01
6.398763922066804666e-01
6.418821262622236290e-01
6.438734640358941830e-01
6.458489285732965657e-01
6.478070416150920607e-01
6.497463281937004842e-01
6.516653210149786490e-01
6.535625647278722194e-01
6.554366201830991168e-01
6.572860687686389314e-01
6.591095168876646149e-01
6.609056006157210117e-01
6.626729905406788523e-01
6.644103967527297261e-01
6.661165739140115782e-01
6.677903262992438416e-01
6.694305126612277723e-01
6.710360507394161900e-01
6.726059211974990681e-01
6.741391707491762864e-01
6.756349142123964091e-01
6.770923352242080862e-01
6.785106853538909188e-01
6.798892813741700403e-01
6.812275004914055687e-01
6.825247733972413799e-01
6.837805750867542720e-01
6.849944134905495696e-01
6.861658160875889756e-01
6.872943147974416300e-01
6.883794295884896330e-01
6.894206513746841125e-01
6.904174248984908946e-01
6.913691324018660378e-01
6.922750789608006494e-01
6.931344803926976494e-01
6.939464546324379812e-01
6.947100174066178635e-01
6.954240829142492863e-01
6.960874700470566223e-01
6.966989144588243699e-01
6.972570865299358989e-01
6.977606149834747473e-01
6.982081156088508767e-01
6.985982242563788525e-01
6.989296330009038272e-01
6.992011281534176170e-01
6.994116286435378971e-01
6.995602232163260492e-01
6.996462048924946275e-01
6.996691012342719507e-01
6.996286991359044194e-01
6.995250631075906611e-01
6.993585463280823644e-01
6.991297940835318192e-01
6.988397395646235299e-01
6.984895923365590509e-01
6.980808201042100203e-01
6.976151246487969360e-01
6.970944129988890792e-01
6.965207650099886072e-01
6.958963985625868931e-01
6.952236335539542234e-01
6.945048557649914356e-01
6.937424815447699178e-01
6.929389240889554102e-01
6.920965619107922739e-01
6.912177099304185335e-01
6.903045934523371896e-01
6.893593251707489378e-01
6.883838852426563681e-01
6.873801043998081228e-01
6.863496500294601343e-01
6.852940151352515663e-01
6.842145100858079143e-01
6.831122570627934376e-01
6.819881871249018346e-01
6.808430398045669518e-01
6.796773651467161725e-01
6.784915280828317519e-01
6.772857150102322699e-01
6.760599424192322848e-01
6.748140673838476378e-01
6.735477997101815273e-01
6.722607155244716415e-01
6.709522720835280341e-01
6.696218236048344652e-01
6.682686379412678956e-01
6.668919139626526826e-01
6.654907995482738370e-01
6.640644101342391137e-01
6.626118477901170589e-01
6.611322208138359358e-01
6.596246638268570273e-01
6.580883583200813902e-01
6.565225535442182903e-01
6.549265875592401587e-01
6.532999081619175197e-01
6.516420933066194854e-01
6.499528705332447975e-01
6.482321348286435025e-01
6.464799642856727813e-01
6.446966328972734139e-01
6.428826198395565239e-01
6.410386146624124093e-01
6.391655179197766046e-01
6.372644369309053980e-01
6.353366765617777245e-01
6.333837251408686031e-01
6.314072358620901326e-01
6.294090042635002158e-01
6.273909425865635825e-01
6.253550520006952995e-01
6.233033938070953184e-01
6.212380608029156592e-01
6.191611499846354505e-01
6.170747376961217556e-01
6.149808581858676737e-01
6.128814863384115519e-01
6.107785251007425975e-01
6.086737978532417159e-01
6.065690456959677013e-01
6.044659293550721513e-01
6.023660351792694545e-01
6.002708845080435562e-01
5.981819455625385640e-01
5.961006469423577592e-01
5.940283918068380853e-01
5.919665718724180792e-01
5.899165804591809392e-01
5.878798239565439232e-01
5.858577312368180579e-01
5.838517607111092245e-01
5.818634048824147253e-01
5.798941923948380817e-01
5.779456876980330060e-01
5.760194885379295027e-01
5.741172215473119289e-01
5.722405362442135601e-01
5.703910977563986240e-01
5.685705785810123425e-01
5.667806496661149662e-01
5.650229710704270936e-01
5.632991824247720603e-01
5.616108933870934683e-01
5.599596742553732964e-01
5.583470468804683229e-01
5.567744760034888385e-01
5.552433611286362591e-01
5.537550290301269662e-01
5.523107269783797957e-01
5.509116167537032593e-01
5.495587694934080947e-01
5.482531613899034317e-01
5.469956702232580126e-01
5.457870726739042500e-01
5.446280423224868494e-01
5.435191482082847303e-01
5.424608537893423899e-01
5.414535161305098487e-01
5.404973851433476639e-01
5.395926027161569438e-01
5.387392016038681231e-01
5.379371039946585498e-01
5.371861197298518631e-01
5.364859442216697305e-01
5.358361561838352882e-01
5.352362153572665093e-01
5.346854604709804226e-01
5.341831077217431556e-01
5.337282500807652985e-01
5.333198577393317708e-01
5.329567799867436229e-01
5.326377487745096451e-01
5.323613841630936427e-01
5.321262017762529162e-01
5.319306223085653595e-01
5.317729830506486843e-01
5.316515513199883136e-01
5.315645396189498939e-01
5.315101222899583089e-01
5.314864534033373333e-01
5.314916855963682796e-01
5.315239895807877257e-01
5.315815740460096972e-01
5.316627057014796653e-01
5.317657292171729111e-01
5.318890868303330910e-01
5.320313373839610227e-01
5.321911745452962972e-01
5.323674439200721809e-01
5.325591587328983856e-01
5.327655136908119315e-01
5.329858965928732095e-01
5.332198972022691441e-01
5.334673128675452292e-01
5.337281503747932643e-01
5.340026235393462439e-01
5.342911461084439706e-01
5.345943196468662117e-01
5.349129162142806093e-01
5.352478558116547935e-01
5.356001787674103953e-01
5.359710134429321871e-01
5.363615398506768051e-01
5.367729499849013264e-01
5.372064058531427211e-01
5.376629963546352142e-01
5.381436942699810988e-01
5.386493146963160505e-01
5.391804762780224580e-01
5.397375665420118818e-01
5.403207125485257611e-01
5.409297579167414716e-01
5.415642470853669899e-01
5.422234174308067089e-01
5.429061996001374180e-01
5.436112261354837383e-01
5.443368481827578487e-01
5.450811598035686378e-01
5.458420291555422521e-01
5.466171355827106337e-01
5.474040114716781646e-01
5.482000875863144440e-01
5.490027404974529013e-01
5.498093406760277135e-01
5.506172998189076129e-01
5.514241160254328422e-01
5.522274155375509475e-01
5.530249898946357767e-01
5.538148275317692493e-01
5.545951390620452726e-01
5.553643757229450584e-01
5.561212407256055368e-01
5.568646935141774446e-01
5.575939472093687233e-01
5.583084597638368063e-01
5.590079195850280458e-01
5.596922265719667111e-01
5.603614696561559638e-01
5.610159020251597184e-01
5.616559152356340734e-01
5.622820133888428717e-01
5.628947884479926778e-01
5.634948976285565347e-01
5.640830435990111802e-01
5.646599580016103959e-01
5.652263885546825462e-01
5.657830897443894003e-01
5.663308168700512679e-01
5.668703229877515293e-01
5.674023581149617579e-01
5.679276699252070459e-01
5.684470050839692812e-01
5.689611103592933095e-01
5.694707326833621241e-01
5.699766174409319763e-01
5.704795044099953971e-01
5.709801209689620016e-01
5.714791724001445639e-01
5.719773293473359166e-01
5.724752127105005028e-01
5.729733764690260189e-01
5.734722891032785208e-01
5.739723144218197293e-01
5.744736926905980035e-01
5.749765229963452740e-01
5.754807477579002573e-01
5.759861402289379040e-01
5.764922957184970276e-01
5.769986271001685818e-01
5.775043649963669257e-01
5.780085628222949579e-01
5.785101066665035985e-01
5.790077297830289460e-01
5.795000312844323931e-01
5.799854984646674039e-01
5.804625320524982035e-01
5.809294736044977592e-01
5.813846341934413298e-01
5.818263235322099769e-01
5.822528786921482569e-01
5.826626916231892883e-01
5.830542347547389426e-01
5.834260840446825469e-01
5.837769389424257716e-01
5.841056388351087980e-01
5.844111756498798771e-01
5.846927023869297191e-01
5.849495374571720419e-01
5.851811647955603712e-01
5.853872298179251255e-01
5.855675313874701970e-01
5.857220100586262301e-01
5.858507329709130573e-01
5.859538758727694807e-01
5.860317028619718149e-01
5.860845445300579826e-01
5.861127752865589180e-01
5.861167907069519956e-01
5.860969857878429723e-01
5.860537349964604070e-01
5.859873749628490280e-01
5.858981905785299871e-01
5.857864051343134593e-01
5.856521749552338063e-01
5.854955887792593350e-01
5.853166718886134712e-01
5.851153947517762077e-01
5.848916856859038838e-01
5.846454468200786847e-01
5.843765724456723154e-01
5.840849686956318676e-01
5.837705734113575184e-01
5.834333750413899233e-01
5.830734294731102496e-01
5.826908738244274133e-01
5.822859364090489098e-01
5.818589423241570247e-01
5.814103143764375314e-01
5.809405693431621831e-01
5.804503098392564953e-01
5.799402123102892492e-01
5.794110118782564989e-01
5.788634849185703146e-01
5.782984303346742072e-01
5.777166505174758937e-01
5.771189329327037765e-01
5.765060331771856283e-01
5.758786601960755869e-01
5.752374641713370318e-01
5.745830273929894982e-01
5.739158582247310125e-01
5.732363880889438379e-01
5.725449712355078491e-01
5.718418869328069087e-01
5.711273436336679055e-01
5.704014846247222881e-01
5.696643946629843525e-01
5.689161071329309483e-01
5.681566113135468887e-01
5.673858594190633875e-01
5.666037731600225280e-01
5.658102496546141280e-01
5.650051665965190040e-01
5.641883866495718269e-01
5.633597610884624185e-01
5.625191327375475003e-01
5.616663382782641767e-01
5.608012100024236668e-01
5.599235770882048380e-01
5.590332664723797196e-01
5.581301033906229669e-01
5.572139116611050103e-01
5.562845137971906828e-01
5.553417310534118911e-01
5.543853835340371017e-01
5.534152905226679131e-01
5.524312712208242493e-01
5.514331461084330810e-01
5.504207391550469675e-01
5.493938811125624877e-01
5.483524141046667300e-01
5.472961976924919369e-01
5.462251165392264518e-01
5.451390897193647556e-01
5.440380816238219452e-01
5.429221143047556764e-01
5.417912809899977367e-01
5.406457603841243742e-01
5.394858312700262504e-01
5.383118868401848278e-01
5.371244481292675177e-01
5.359241758964300439e-01
5.347118803220272110e-01
5.334885279418415394e-01
5.322552453416276030e-01
5.310133192709982630e-01
5.297641930005765332e-01
5.285094589283250155e-01
5.272508476264166077e-01
5.259902136942756767e-01
5.247295189318345043e-01
5.234708134571558480e-01
5.222162154549383484e-01
5.209678902521492905e-01
5.197280293740863533e-01
5.184988301439209524e-01
5.172824762609334881e-01
5.160811196408274792e-01
5.148968636414198441e-01
5.137317476447701425e-01
5.125877328376746700e-01
5.114666889386115800e-01
5.103703815691602586e-01
5.093004599655617248e-01
5.082584447700611019e-01
5.072457157267827865e-01
5.062634992233028264e-01
5.053128557547552635e-01
5.043946675285778669e-01
5.035096265607893473e-01
5.026582237263290676e-01
5.018407393057019439e-01
5.010572356102231950e-01
5.003075522643767314e-01
4.995913046755094400e-01
4.989078861314723556e-01
4.982564738421653150e-01
4.976360390900045894e-01
4.970453614881787385e-01
4.964830471754862473e-01
4.959475506143710133e-01
4.954371995149177699e-01
4.949502222905337590e-01
4.944847773670198454e-01
4.940389836184799210e-01
4.936109511910387049e-01
4.931988119953332195e-01
4.928007491957961950e-01
4.924150250914891558e-01
4.920400068618154266e-01
4.916741897330418887e-01
4.913162172018123997e-01
4.909648980251007933e-01
4.906192197503581043e-01
4.902783586152271167e-01
4.899416856960625566e-01
4.896087692328617846e-01
4.892793731105673505e-01
4.889534515382584212e-01
4.886311400424966367e-01
4.883127429813655662e-01
4.879987178905919598e-01
4.876896570892648719e-01
4.873862670928958973e-01
4.870893464969713316e-01
4.867997630932388575e-01
4.865184310521922240e-01
4.862462890372345470e-01
4.859842800998445123e-01
4.857333341349793776e-01
4.854943535505339414e-01
4.852682026277597149e-01
4.850557008298331807e-01
4.848576200670196568e-01
4.846746856661391933e-01
4.845075805391004797e-01
4.843569518200177004e-01
4.842234190614979616e-01
4.841075829635888561e-01
4.840100335642281704e-01
4.839313568529437504e-01
4.838721388787867173e-01
4.838329666018870712e-01
4.838144249732449498e-01
4.838170900027150001e-01
4.838415178716338749e-01
4.838882304437515658e-01
4.839576978064332735e-01
4.840503187155282827e-01
4.841664000067832929e-01
4.843061361628919759e-01
4.844695902808121013e-01
4.846566776658625675e-01
4.848671531883719799e-01
4.851006033802721662e-01
4.853564440315631390e-01
4.856339237816685306e-01
4.859321339023044972e-01
4.862500241527459299e-01
4.865864242722713895e-01
4.869400703755981108e-01
4.873096352520351893e-01
4.876937613533438021e-01
4.880910951015068333e-01
4.885003210653775518e-01
4.889201945496514656e-01
4.893495712115752960e-01
4.897874324659377554e-01
4.902329056485177916e-01
4.906852781692214172e-01
4.911440051824969011e-01
4.916087106161310394e-01
4.920791817113687738e-01
4.925553575194232536e-01
4.930373120559415900e-01
4.935252330231846285e-01
4.940193971608042300e-01
4.945201433757263620e-01
4.950278448297331657e-01
4.955428811333874028e-01
4.960656117139394250e-01
4.965963513014998165e-01
4.971353483223249770e-01
4.976827668107665636e-01
4.982386722622734188e-01
4.988030216577363229e-01
4.993756577022451792e-01
4.999563071455654373e-01
5.005445828932063579e-01
5.011399894805196320e-01
5.017419313725148822e-01
5.023497234726043148e-01
5.029626031778066109e-01
5.035797433079824970e-01
5.042002652634501869e-01
5.048232518272950387e-01
5.054477591223764943e-01
5.060728273518063647e-01
5.066974900871040743e-01
5.073207820092222597e-01
5.079417451429765196e-01
5.085594337433751999e-01
5.091729180834269064e-01
5.097812874498801605e-01
5.103836526726794887e-01
5.109791484961845320e-01
5.115669360497470119e-01
5.121462055995361640e-01
5.127161796724362119e-01
5.132761165466088737e-01
5.138253140120068174e-01
5.143631132262063144e-01
5.148889024319928120e-01
5.154021202667684598e-01
5.159022583802369555e-01
5.163888630845158145e-01
5.168615357866515048e-01
5.173199319936139240e-01
5.177637587305381484e-01
5.181927702710271699e-01
5.186067621414915951e-01
5.190055634282854102e-01
5.193890274860708534e-01
5.197570212178258542e-01
5.201094131702385104e-01
5.204460607614302958e-01
5.207667970281859571e-01
5.210714173432160479e-01
5.213596666044161276e-01
5.216312274317409514e-01
5.218857099172609093e-01
5.221226434548635886e-01
5.223414711240511599e-01
5.225415470156383746e-01
5.227221367671870400e-01
5.228824214270124671e-01
5.230215045953950925e-01
5.231384226106365887e-01
5.232321573687945815e-01
5.233016512031866130e-01
5.233458231172116726e-01
5.233635855744388499e-01
5.233538610133722235e-01
5.233155972774474751e-01
5.232477812355418312e-01
5.231494500115124735e-01
5.230196994348351724e-01
5.228576895552444759e-01
5.226626473150952634e-01
5.224338667241534839e-01
5.221707071109606968e-01
5.218725902118355187e-01
5.215389969840391604e-01
5.211694650789313599e-01
5.207635878751553093e-01
5.203210158494271376e-01
5.198414608596252373e-01
5.193247036458038535e-01
5.187706045413085221e-01
5.181791170553978754e-01
5.175503036713647864e-01
5.168843529310435114e-01
5.161815966758240837e-01
5.154425262079150860e-01
5.146678061370922874e-01
5.138582847901349560e-01
5.130150002744235938e-01
5.121391815843501227e-01
5.112322444916759245e-01
5.102957823347403776e-01
5.093315521807835200e-01
5.083414571464944798e-01
5.073275258956716494e-01
5.062918904700636213e-01
5.052367636402966822e-01
5.041644168906024293e-01
5.030771599858361309e-01
5.019773228329663661e-01
5.008672400683952253e-01
4.997492385061378939e-01
4.986256272985105098e-01
4.974986904152639555e-01
4.963706808580595764e-01
4.952438159068453527e-01
4.941202726474838713e-01
4.930021830535743499e-01
4.918916279812952097e-01
4.907906295717975875e-01
4.897011417256280641e-01
4.886250385019773046e-01
4.875641004862962258e-01
4.865199993494430664e-01
4.854942809787148317e-01
4.844883476877986928e-01
4.835034401040708141e-01
4.825406193858391979e-01
4.816007504401395578e-01
4.806844867963974699e-01
4.797922577474647565e-01
4.789242583025851707e-01
4.780804424126663954e-01
4.772605198323351949e-01
4.764639568805763004e-01
4.756899812562512264e-01
4.749375909592967182e-01
4.742055672648838316e-01
4.734924915970722403e-01
4.727967660512893411e-01
4.721166372214076756e-01
4.714502228980644305e-01
4.707955411213862740e-01
4.701505409956118209e-01
4.695131346083161739e-01
4.688812293471704140e-01
4.682527598768284616e-01
4.676257190326004731e-01
4.669981869098473459e-01
4.663683574817901745e-01
4.657345621643371181e-01
4.650952898631294241e-01
4.644492031805779741e-01
4.637951506217860009e-01
4.631321748073944367e-01
4.624595168663787059e-01
4.617766173292917053e-01
4.610831139597329487e-01
4.603788370379102157e-01
4.596638026379140096e-01
4.589382044168479058e-01
4.582024043620460119e-01
4.574569228305809809e-01
4.567024280760846322e-01
4.559397253088296464e-01
4.551697451944162198e-01
4.543935315831181820e-01
4.536122281915980214e-01
4.528270639428638722e-01
4.520393367142025998e-01
4.512503953450268113e-01
4.504616199087149719e-01
4.496744004405465178e-01
4.488901145190562492e-01
4.481101042997118200e-01
4.473356537764549001e-01
4.465679671792500138e-01
4.458081494889117313e-01
4.450571900537738657e-01
4.443159502219655166e-01
4.435851557599552186e-01
4.428653946201451252e-01
4.421571203604217626e-01
4.414606612231566918e-01
4.407762345695682149e-01
4.401039660579277868e-01
4.394439126714613231e-01
4.387960884625010105e-01
4.381604917002032695e-01
4.375371320020335908e-01
4.369260560027588003e-01
4.363273701713417663e-01
4.357412595238168151e-01
4.351680011908419798e-01
4.346079720696048865e-01
4.340616501043437769e-01
4.335296090781097789e-01
4.330125071396114245e-01
4.325110696118803499e-01
4.320260669150060018e-01
4.315582886673647867e-01
4.311085151969694107e-01
4.306774877904733234e-01
4.302658790306733705e-01
4.298742645278656460e-01
4.295030972438598216e-01
4.291526854505199329e-01
4.288231751697633154e-01
4.285145377213078755e-01
4.282265627701873356e-01
4.279588570281407378e-01
4.277108485299964125e-01
4.274817961849479153e-01
4.272708040986061828e-01
4.270768399799986792e-01
4.268987567931924465e-01
4.267353166914962803e-01
4.265852161893246008e-01
4.264471114890000525e-01
4.263196428931413373e-01
4.262014573020171948e-01
4.260912279211809817e-01
4.259876704855578011e-01
4.258895555351462359e-01
4.257957165426225488e-01
4.257050539777939568e-01
4.256165356777969477e-01
4.255291941528503430e-01
4.254421216734548539e-01
4.253544641367814072e-01
4.252654147833099252e-01
4.251742088221273641e-01
4.250801199249187312e-01
4.249824593730161526e-01
4.248805784045777689e-01
4.247738740311206018e-01
4.246617982986825579e-01
4.245438706836011655e-01
4.244196930591450645e-01
4.242889664653151649e-01
4.241515087725636901e-01
4.240072722567393981e-01
4.238563600963918820e-01
4.236990408581269296e-01
4.235357601402103267e-01
4.233671486856456223e-01
4.231940264394439266e-01
4.230174021974952847e-01
4.228384686651120994e-01
4.226585929035591160e-01
4.224793022872683768e-01
4.223022662203608779e-01
4.221292739681800077e-01
4.219622090489865140e-01
4.218030207046245539e-01
4.216536930290358254e-01
4.215162123812712380e-01
4.213925337463816923e-01
4.212845467329826565e-01
4.211940419101377620e-01
4.211226781873791958e-01
4.210719519292154267e-01
4.210431684685468912e-01
4.210374166416094854e-01
4.210555469105507487e-01
4.210981535692085442e-01
4.211655614443802209e-01
4.212578174104588680e-01
4.213746869318643617e-01
4.215156557374399315e-01
4.216799366167091057e-01
4.218664812124947039e-01
4.220739965713546926e-01
4.223009661062704367e-01
4.225456745290381844e-01
4.228062362266230556e-01
4.230806264898164804e-01
4.233667149562864163e-01
4.236623006045054374e-01
4.239651476294082344e-01
4.242730215423174411e-01
4.245837248623205440e-01
4.248951317984531739e-01
4.252052213558951133e-01
4.255121083297916385e-01
4.258140716739414189e-01
4.261095797477977287e-01
4.263973119566287218e-01
4.266761763120139883e-01
4.269453224616758247e-01
4.272041497788764408e-01
4.274523101718344931e-01
4.276897053805227000e-01
4.279164786754038330e-01
4.281330010584225021e-01
4.283398522830979549e-01
4.285377972442742656e-01
4.287277585203250196e-01
4.289107860601386601e-01
4.290880251723380723e-01
4.292606840757339226e-01
4.294300022940321648e-01
4.295972211173932354e-01
4.297635572101949353e-01
4.299301802283104212e-01
4.300981950377898988e-01
4.302686288231823974e-01
4.304424230637859949e-01
4.306204300658544315e-01
4.308034134915308400e-01
4.309920521390478987e-01
4.311869461148391536e-01
4.313886245004450726e-01
4.315975536516898914e-01
4.318141453644718797e-01
4.320387642855191834e-01
4.322717341196695151e-01
4.325133423686545742e-01
4.327638435124597227e-01
4.330234606980112866e-01
4.332923861204007188e-01
4.335707803627840695e-01
4.338587710009976228e-01
4.341564507806546791e-01
4.344638756443509053e-01
4.347810628335380123e-01
4.351079892233547519e-01
4.354445899795357233e-01
4.357907575630118324e-01
4.361463410571604360e-01
4.365111457592554256e-01
4.368849329635119960e-01
4.372674198675454149e-01
4.376582795544197713e-01
4.380571410343195304e-01
4.384635893680268737e-01
4.388771659331041630e-01
4.392973689277059890e-01
4.397236542317007335e-01
4.401554367569701087e-01
4.405920924164745678e-01
4.410329608247849920e-01
4.414773488124782430e-01
4.419245347958820069e-01
4.423737739959424653e-01
4.428243044498194614e-01
4.432753537108108932e-01
4.437261460902733878e-01
4.441759102624401323e-01
4.446238870308807378e-01
4.450693370437392993e-01
4.455115482421466711e-01
4.459498428293332539e-01
4.463835835533919716e-01
4.468121791010026267e-01
4.472350884001623506e-01
4.476518236264591111e-01
4.480619517011072417e-01
4.484650940636090155e-01
4.488609245032371131e-01
4.492491648483080691e-01
4.496295783472793461e-01
4.500019606363299118e-01
4.503661282771369012e-01
4.507219049649792697e-01
4.510691056460648385e-01
4.514075189348427664e-01
4.517368883745330743e-01
4.520568932227768677e-01
4.523671295542718851e-01
4.526670925406764412e-01
4.529561607849024174e-01
4.532335835475027053e-01
4.534984716074536015e-01
4.537497923544870360e-01
4.539863695261533993e-01
4.542068877948441941e-01
4.544099021946500505e-01
4.545938521723235648e-01
4.547570798658909785e-01
4.548978520707194217e-01
4.550143852538296452e-01
4.551048729253850400e-01
4.551675146693208163e-01
4.552005461656891128e-01
4.552022695949102249e-01
4.551710838855113073e-01
4.551055143385582258e-01
4.550042412209941434e-01
4.548661269565114074e-01
4.546902415500868599e-01
4.544758858600626561e-01
4.542226122833645241e-01
4.539302423547863508e-01
4.535988806934944106e-01
4.532289246755557555e-01
4.528210691874017813e-01
4.523763058378157398e-01
4.518959160873699532e-01
4.513814579012947470e-01
4.508347457441445605e-01
4.502578240045919111e-01
4.496529342507231686e-01
4.490224770483098315e-01
4.483689694001770087e-01
4.476949991550277508e-01
4.470031779612466671e-01
4.462960944807962682e-01
4.455762696129852984e-01
4.448461153984735184e-01
4.441078990815459093e-01
4.433637135148422170e-01
4.426154547165341846e-01
4.418648069642135412e-01
4.411132353669573458e-01
4.403619854331755623e-01
4.396120887819228717e-01
4.388643738588688947e-01
4.381194803370554447e-01
4.373778758184310167e-01
4.366398735052361979e-01
4.359056496696352423e-01
4.351752599945875599e-01
4.344486541601474960e-01
4.337256883741494873e-01
4.330061358606329680e-01
4.322896955923760665e-01
4.315759997604291520e-01
4.308646205973489796e-01
4.301550772051567217e-01
4.294468429877463245e-01
4.287393541629693772e-01
4.280320196519645237e-01
4.273242324363221156e-01
4.266153822630017189e-01
4.259048693861750001e-01
4.251921188839490329e-01
4.244765949897513213e-01
4.237578148396494160e-01
4.230353610576944035e-01
4.223088926749140604e-01
4.215781539925431698e-01
4.208429811420668076e-01
4.201033062481653313e-01
4.193591592508137955e-01
4.186106675768640484e-01
4.178580539597551713e-01
4.171016327826849168e-01
4.163418053634787008e-01
4.155790546097716809e-01
4.148139394551187964e-01
4.140470894461074636e-01
4.132791997943486284e-01
4.125110271420859842e-01
4.117433862217549922e-01
4.109771475224258119e-01
4.102132360118183052e-01
4.094526309017755827e-01
4.086963663863594776e-01
4.079455332228024700e-01
4.072012809637167718e-01
4.064648205827609551e-01
4.057374271650786568e-01
4.050204422608619237e-01
4.043152754302032359e-01
4.036234044477311489e-01
4.029463735959736836e-01
4.022857894673214085e-01
4.016433137257716113e-01
4.010206523587479532e-01
4.004195410800203692e-01
3.998417267255220953e-01
3.992889447074925990e-01
3.987628928456737332e-01
3.982652021590085689e-01
3.977974054555719063e-01
3.973609047791696325e-01
3.969569389357489597e-01
3.965865524130779973e-01
3.962505670102196009e-01
3.959495574043655486e-01
3.956838317050951348e-01
3.954534177926204430e-01
3.952580559269002758e-01
3.950971977748600761e-01
3.949700116621798207e-01
3.948753935441706719e-01
3.948119829335342001e-01
3.947781828429808293e-01
3.947721827108252035e-01
3.947919832823739705e-01
3.948354225135681239e-01
3.949002017315605961e-01
3.949839115079910035e-01
3.950840569478024644e-01
3.951980823408172139e-01
3.953233953374000742e-01
3.954573909697908229e-01
3.955974759302802735e-01
3.957410935274011665e-01
3.958857496718087288e-01
3.960290401028583318e-01
3.961686788705561235e-01
3.963025278562671283e-01
3.964286268725233375e-01
3.965452236511107231e-01
3.966508028307833000e-01
3.967441129089776530e-01
3.968241900382873943e-01
3.968903775350204888e-01
