2.108400897923111265e-05 9.998492313478022364e-01
1.877894305012253739e-02 9.810913723066587711e-01
6.480637996608279439e-02 9.350639353906986528e-01
1.136186283712754125e-01 8.862516869855061596e-01
1.409935579997153021e-01 8.588767573570662561e-01
1.361186857552366125e-01 8.637516296015450568e-01
1.054412158377241310e-01 8.944290995190573579e-01
6.627501891918903543e-02 9.335952964375924257e-01
3.595882241604497070e-02 9.639114929407368582e-01
2.397640573993314178e-02 9.758939096168488536e-01
3.058106529150584479e-02 9.692892500652764420e-01
5.007477914664775626e-02 9.497955362101345722e-01
7.451848845289331391e-02 9.253518269038890631e-01
9.553003704216267433e-02 9.043402783146198276e-01
1.052281345020269626e-01 8.946421808547556642e-01
9.853076537176658212e-02 9.013395499850160864e-01
7.678342299524437697e-02 9.230868923615381805e-01
4.961125032908909882e-02 9.502590650276939721e-01
3.162368319446230702e-02 9.682466321623207639e-01
3.424374805304055552e-02 9.656265673037426334e-01
5.764212963965369835e-02 9.422281857171295183e-01
8.910597032678847784e-02 9.107643450299950372e-01
1.102261279640410346e-01 8.896441873927420918e-01
1.086798875998097602e-01 8.911904277569735466e-01
8.641113382445694824e-02 9.134591815323264141e-01
5.819006855332578554e-02 9.416802468034575213e-01
4.148555859815480917e-02 9.583847567586291083e-01
4.495429119370395604e-02 9.549160241630801904e-01
6.365549285088106801e-02 9.362148225059031548e-01
8.380591107392318384e-02 9.160644042828609557e-01
9.280990070958412830e-02 9.070604146472004414e-01
8.697508747245301375e-02 9.128952278843314172e-01
7.199836895524965030e-02 9.278719464015349194e-01
5.730060246770130733e-02 9.425697128890835330e-01
4.952935716024947643e-02 9.503409581965351904e-01
4.993645458075589294e-02 9.499338607760288156e-01
5.613943433304152686e-02 9.437308810237432510e-01
6.512306711537389770e-02 9.347472482414111994e-01
7.434022630605845172e-02 9.255300890507267564e-01
8.083047561672200565e-02 9.190398397400632025e-01
8.092554274503514777e-02 9.189447726117504489e-01
7.250061474322151700e-02 9.273697006135642740e-01
5.842485412110229315e-02 9.414454612356835117e-01
4.734652386473599261e-02 9.525237914920501314e-01
4.924437163470794798e-02 9.506259437220782038e-01
6.774957527425128079e-02 9.321207400825349820e-01
9.512639468859515612e-02 9.047439206681910928e-01
1.150492159104948842e-01 8.848210994462915036e-01
1.127486074354962092e-01 8.871217079212900813e-01
8.590422950499274068e-02 9.139660858517939523e-01
4.808182960592362332e-02 9.517884857508631669e-01
2.135217867640006387e-02 9.785181366803866743e-01
2.257512875152824575e-02 9.772951866052586034e-01
5.263564447173628424e-02 9.472346708850507557e-01
9.589773286766692384e-02 9.039725824891202688e-01
1.298704326277590193e-01 8.699998827290281733e-01
1.381761008427480619e-01 8.616942145140391585e-01
1.184501619075278983e-01 8.814201534492593915e-01
8.132686013741616260e-02 9.185434552193714186e-01
4.308623517474936132e-02 9.567840801820384211e-01
1.781202707532430346e-02 9.820582882814635761e-01
1.322038662360808248e-02 9.866499287331799151e-01
3.017242858628933419e-02 9.696978867704988403e-01
6.340828823690322635e-02 9.364620271198847989e-01
1.021018159446321766e-01 8.977684994121556405e-01
1.315229769010221872e-01 8.683473384557659491e-01
1.378605986376346682e-01 8.620097167191533849e-01
1.156029149354739494e-01 8.842674004213141314e-01
7.306721973382192259e-02 9.268030956229662554e-01
3.078942885562735432e-02 9.690808865011609763e-01
1.147942014161574403e-02 9.883908952151726490e-01
2.666645993003653736e-02 9.732038554267516961e-01
6.880188940793111052e-02 9.310684259488573034e-01
1.148778335060303413e-01 8.849924818507581836e-01
1.399413865991791239e-01 8.599289287576091789e-01
1.318383478757262084e-01 8.680319674810623720e-01
9.755211598427701580e-02 9.023181993725117866e-01
5.745238859724873665e-02 9.424179267595400589e-01
3.212378759009546642e-02 9.677465277666934540e-01
3.095525225390511476e-02 9.689150631028838889e-01
4.931488503515293886e-02 9.505554303216361411e-01
7.432880510904860127e-02 9.255415102477405620e-01
9.360349298042802690e-02 9.062668223763612474e-01
1.007249797614014897e-01 8.991453355953877846e-01
9.546584572259093904e-02 9.044044696341982936e-01
8.114809387779126082e-02 9.187222214789980690e-01
6.270220023978664847e-02 9.371681151170029311e-01
4.642059599418563859e-02 9.534497193626039202e-01
3.943937351776062583e-02 9.604309418390288844e-01
4.690446090671729351e-02 9.529658544500725359e-01
6.774407956423332544e-02 9.321262357925566011e-01
9.283224995401082036e-02 9.070380654027789813e-01
1.087149750756615380e-01 8.911553402811283053e-01
1.057970751241182616e-01 8.940732402326716510e-01
8.547234042704826562e-02 9.143979749297417303e-01
6.033283962483192153e-02 9.395374757319581160e-01
4.630781128722716994e-02 9.535625040695629995e-01
5.189468145077717753e-02 9.479756339060130266e-01
7.234681195613379412e-02 9.275235034006563684e-01
9.326033765869828907e-02 9.066099776980921510e-01
1.009447620235148779e-01 8.989255533332756176e-01
9.184749760388305484e-02 9.080228177529076072e-01
7.420709175418438441e-02 9.256632236026063332e-01
6.122618066146316707e-02 9.386441346953277032e-01
6.140371978399154079e-02 9.384665955727993225e-01
7.327039621642417178e-02 9.265999191403666568e-01
8.772077298759632658e-02 9.121495423691945437e-01
9.511623343989464296e-02 9.047540819168963244e-01
9.130045856037972973e-02 9.085698567964112238e-01
7.865176994399647459e-02 9.212185454127950202e-01
6.294538372362147582e-02 9.369249316331701438e-01
4.979395332437466792e-02 9.500763620324168546e-01
4.344250155820222892e-02 9.564278137985895434e-01
4.729075048538908949e-02 9.525795648714027175e-01
6.344248308590080820e-02 9.364278322708909919e-01
9.004353540314055659e-02 9.098267799536513545e-01
1.186639601997551419e-01 8.812063551570368247e-01
1.356938043630062651e-01 8.641765109937858957e-01
1.292503644568389065e-01 8.706199508999532544e-01
9.801797318054342179e-02 9.018523421762489889e-01
5.525735126635707151e-02 9.446129640904353808e-01
2.339862854651038326e-02 9.764716868102822911e-01
2.124375272225730721e-02 9.786265626345356239e-01
5.186196010986920263e-02 9.480083552469238395e-01
9.969459093824757645e-02 9.001757244185453199e-01
1.393630037007320688e-01 8.605073116560607582e-01
1.505409074567004291e-01 8.493294079000925922e-01
1.291523814120788538e-01 8.707179339447139732e-01
8.810097281017324755e-02 9.117693425466196766e-01
4.824022657831252003e-02 9.516300887784808760e-01
2.652865335209988670e-02 9.733416620046932977e-01
2.887226811748102098e-02 9.709980472393121564e-01
5.044778752875292427e-02 9.494225278280403746e-01
8.074735918893191644e-02 9.191229561678615489e-01
1.086061012805838305e-01 8.912642140762094822e-01
1.247963193785916469e-01 8.750739959782015687e-01
1.232741116664654579e-01 8.765962036903279797e-01
1.031307282460081076e-01 8.967395871107854965e-01
7.099763263467546992e-02 9.288726827221183147e-01
4.091465380941824298e-02 9.589556615473755485e-01
2.901381177057113514e-02 9.708565035862231074e-01
4.437378544071669817e-02 9.554965299160775860e-01
8.177562640959491758e-02 9.180946889471991446e-01
1.224839619148406222e-01 8.773863534419535926e-01
1.442519002873171308e-01 8.556184150694771118e-01
1.348355839704567516e-01 8.650347313863376852e-01
9.994554109292783095e-02 8.999247742638667447e-01
5.987114399442828444e-02 9.399991713623663259e-01
3.685191192173493946e-02 9.630184034350598443e-01
4.175200445995145421e-02 9.581183108968432949e-01
6.879252917675719725e-02 9.310777861800378918e-01
1.010083549349935217e-01 8.988619604218014425e-01
1.215729215108527356e-01 8.782973938459421870e-01
1.228601821226326524e-01 8.770101332341624367e-01
1.080601749506273357e-01 8.918101404061679061e-01
8.630320208826817996e-02 9.135671132685272422e-01
6.641937586964605233e-02 9.334509394871496335e-01
5.378661546684981865e-02 9.460836998899455619e-01
5.072640268303536815e-02 9.491439126737603038e-01
5.770624055356105009e-02 9.421640748032347190e-01
7.298938686910982909e-02 9.268809284876859955e-01
9.138343609785434807e-02 9.084868792589412267e-01
1.048661806381259998e-01 8.950041347186699081e-01
1.065854312613011834e-01 8.932848840954948910e-01
9.605340096485043277e-02 9.038169143919457804e-01
8.097565147877738845e-02 9.188946638780191023e-01
7.291566330911233851e-02 9.269546520476842355e-01
7.898221984968260834e-02 9.208880955071137020e-01
9.573561219820858614e-02 9.041347031585879046e-01
1.106754595100228611e-01 8.891948558467734909e-01
1.110772095792381120e-01 8.887931057775581012e-01
9.390260647943506067e-02 9.059677088773614440e-01
6.909958580581011811e-02 9.307707295509863865e-01
5.331944726341401875e-02 9.465508680933825136e-01
5.836865377692754264e-02 9.415016615798692534e-01
8.280343533406309131e-02 9.170668800227337325e-01
1.127097806465923308e-01 8.871605347102045069e-01
1.308277489340261557e-01 8.690425664227707792e-01
1.272569051491513892e-01 8.726134102076459342e-01
1.044910817035199224e-01 8.953792336532773177e-01
7.437661070153550602e-02 9.254937046552621505e-01
5.047698748792303625e-02 9.493933278688746480e-01
4.160711210122522430e-02 9.582632032555725710e-01
4.982523837384967430e-02 9.500450769829480446e-01
7.188780407451125787e-02 9.279825112822863709e-01
1.011213433635427539e-01 8.987489719932550969e-01
1.282461973079797590e-01 8.716241180488181195e-01
1.425902953103267978e-01 8.572800200464710807e-01
1.358149894250492151e-01 8.640553259317489410e-01
1.075812794663073280e-01 8.922890358904909114e-01
6.906121510107599004e-02 9.308091002557223881e-01
3.979236159619921331e-02 9.600779537605992342e-01
3.755041791674695872e-02 9.623198974400517525e-01
6.682811106953433222e-02 9.330422042872646982e-01
1.140882205011231054e-01 8.857820948556758278e-01
1.543032625905678412e-01 8.455670527662310088e-01
1.655248764481939694e-01 8.343454389086050194e-01
1.421467244409660990e-01 8.577235909158329452e-01
9.801238582244176101e-02 9.018579295343573943e-01
5.745887973651343100e-02 9.424114356202859533e-01
4.062127155373706361e-02 9.592490438030625288e-01
5.274061027622106018e-02 9.471297050805788098e-01
8.358308792720975378e-02 9.162872274295900121e-01
1.156359241487903977e-01 8.842343912080095070e-01
1.343407603897064373e-01 8.655295549670934951e-01
1.339024180247052609e-01 8.659678973320947826e-01
1.169413777644282004e-01 8.829289375923718985e-01
9.089449240694827403e-02 9.089758229498519082e-01
6.492425847610397427e-02 9.349460568806965410e-01
4.839264230522746790e-02 9.514776730515730474e-01
4.914657622085365218e-02 9.507237391359469880e-01
7.008059208939031171e-02 9.297897232674102730e-01
1.054336406132944381e-01 8.944366747435061882e-01
1.406759464217318678e-01 8.591943689350687308e-01
1.585032590550891074e-01 8.413670563017114912e-01
1.487253077099354726e-01 8.511450076468651815e-01
1.156276077300161381e-01 8.842427076267846964e-01
7.682907967560165252e-02 9.230412356811993346e-01
5.322816267640322063e-02 9.466421526803974196e-01
5.630696375136021864e-02 9.435633516054405812e-01
8.145996105416851429e-02 9.184103543026325145e-01
1.119146529222685704e-01 8.879556624345326110e-01
1.302019708205707782e-01 8.696683445362303200e-01
1.288877186058417501e-01 8.709825967509594591e-01
1.133774631035439212e-01 8.864928522532572464e-01
9.593464121142991630e-02 9.039356741453712374e-01
8.641934397118553046e-02 9.134509713856159285e-01
8.677427212710159266e-02 9.130960432296999496e-01
9.230217410585050963e-02 9.075681412509510881e-01
9.710856821150924689e-02 9.027617471452923370e-01
9.849566561153524913e-02 9.013746497452664874e-01
9.724325754587698212e-02 9.026270578109251153e-01
9.502336672387801109e-02 9.048469486329241418e-01
9.250266915085396391e-02 9.073676462059483416e-01
9.010555975910877757e-02 9.097647555976934308e-01
8.991099938476244946e-02 9.099593159720401614e-01
9.550039814718037923e-02 9.043699172096222316e-01
1.086184261719352201e-01 8.912518891848677516e-01
1.253425519434733515e-01 8.745277634133294953e-01
1.361417240030927123e-01 8.637285913537100512e-01
1.315507605512525324e-01 8.683195548055506752e-01
1.100702626073907925e-01 8.898000527494123180e-01
8.186662702734952279e-02 9.180036883294536709e-01
6.409345987311979020e-02 9.357768554836836117e-01
6.995412030566658390e-02 9.299161950511367625e-01
9.901357539394028962e-02 9.008567399628630845e-01
1.361188792634933920e-01 8.637514360933101765e-01
1.603114178852222405e-01 8.395588974715813002e-01
1.578078325908687241e-01 8.420624827659348721e-01
1.301814097746777366e-01 8.696889055821260817e-01
9.252932632198462848e-02 9.073409890348193008e-01
6.366430982020454543e-02 9.362060055365992728e-01
5.554401781185594467e-02 9.443262975449480123e-01
6.856882730175761775e-02 9.313014880550463115e-01
9.418196135118199475e-02 9.056883540056217541e-01
1.210378664218523526e-01 8.788324489349519375e-01
1.398615691718525234e-01 8.600087461849518222e-01
1.450749815201166082e-01 8.547953338366874876e-01
1.348386562184661908e-01 8.650316591383381271e-01
1.118164259199536936e-01 8.880538894368505964e-01
8.444735919204926500e-02 9.154229561647553304e-01
6.590951628817127983e-02 9.339607990686334960e-01
6.861167250042074506e-02 9.312586428563841556e-01
9.606725967458047688e-02 9.038030556822242989e-01
1.378426486632651771e-01 8.620276666935395848e-01
1.728349680980736935e-01 8.270353472587310684e-01
1.807237104082073387e-01 8.191466049485974787e-01
1.548892570346997732e-01 8.449810583221052385e-01
1.078422376556526091e-01 8.920280777011524442e-01
6.467947711140796530e-02 9.351908382453972823e-01
4.833516086390689248e-02 9.515351544928983829e-01
6.624635788384197754e-02 9.336239574729633395e-01
1.070037608205888086e-01 8.928665545362162170e-01
1.484490332695045933e-01 8.514212820873007237e-01
1.709814356188480156e-01 8.288888797379573292e-01
1.672084113440123754e-01 8.326619040127929416e-01
1.429134806724521867e-01 8.569568346843531303e-01
1.109609587520327123e-01 8.889093566047728823e-01
8.385005615854008998e-02 9.160202591982655740e-01
6.958699179540424329e-02 9.302833235614014207e-01
7.133260858642090363e-02 9.285377067703849407e-01
8.818575412656060042e-02 9.116845612302452162e-01
1.150377619385171551e-01 8.848325534182884811e-01
1.423705406886108804e-01 8.574997746681948252e-01
1.585601417412789982e-01 8.413101736155270682e-01
1.554637028206232729e-01 8.444066125361832098e-01
1.342689645246274432e-01 8.656013508321789285e-01
1.066455181281364128e-01 8.932247972286699866e-01
8.873531700208953099e-02 9.111349983547171183e-01
9.102754982532777761e-02 9.088427655314790243e-01
1.111366813399332493e-01 8.887336340168733306e-01
1.351727278764951745e-01 8.646975874803115580e-01
1.472560293040734991e-01 8.526142860527332612e-01
1.404662149369746427e-01 8.594041004198320621e-01
1.212272545073664609e-01 8.786430608494405492e-01
1.040320775092852118e-01 8.958382378475218122e-01
1.006955723943719488e-01 8.991747429624354915e-01
1.122442004806422505e-01 8.876261148761651620e-01
1.291281304553381915e-01 8.707421849014691517e-01
1.388518419996644104e-01 8.610184733571429883e-01
1.347501938535918264e-01 8.651201215032154890e-01
1.195632331700246104e-01 8.803070821867829965e-01
1.022047616552193283e-01 8.976655537015882924e-01
9.136773369660311506e-02 9.085025816602047000e-01
9.111279382978462738e-02 9.087575215270232709e-01
1.007165268803559555e-01 8.991537884764519983e-01
1.169927680904406797e-01 8.828775472663675794e-01
1.358639393475415125e-01 8.640063760092666634e-01
1.520858096269377402e-01 8.477845057298704079e-01
1.590931135190504775e-01 8.407772018377577261e-01
1.514515846564002399e-01 8.484187307004081857e-01
1.295290472632363854e-01 8.703412680935723733e-01
1.025022270544924535e-01 8.973680883023167354e-01
8.553814022108083281e-02 9.143321751357283977e-01
9.107296823234779792e-02 9.087973471244613632e-01
1.195264381970245898e-01 8.803438771597846824e-01
1.566976791971992078e-01 8.431726361596102448e-01
1.811289184863993096e-01 8.187413968704100320e-01
1.774294528977607421e-01 8.224408624590486827e-01
1.465960606034799052e-01 8.532742547533298527e-01
1.059387740468490102e-01 8.939315413099608865e-01
7.843397439242372204e-02 9.214363409643862024e-01
7.875943184865355495e-02 9.211108835081562862e-01
1.052927586398476889e-01 8.945775567169622633e-01
1.426537065185193298e-01 8.572166088382909832e-01
1.718545288181433373e-01 8.280157865386670313e-01
1.805872262123131011e-01 8.192830891444969899e-01
1.675800916461746559e-01 8.322902237106357681e-01
1.403089443049932161e-01 8.595613710518170691e-01
1.098364716827967269e-01 8.900338436740141690e-01
8.684031671973543864e-02 9.130299986370755683e-01
7.977470031121461358e-02 9.200956150455962268e-01
9.332216727986078486e-02 9.065481480769501665e-01
1.257353017923762417e-01 8.741350135644346819e-01
1.666430043180186227e-01 8.332273110387923287e-01
1.988579193458992478e-01 8.010123960109115648e-01
2.058406485401230168e-01 7.940296668166880734e-01
1.816489039481575807e-01 8.182214114086534540e-01
1.366139240300054125e-01 8.632563913268058720e-01
9.345676464874803913e-02 9.064135507080633980e-01
7.485038189731554881e-02 9.250199334594961798e-01
8.997551967601889744e-02 9.098947956807927895e-01
1.290757650754356389e-01 8.707945502813763117e-01
1.698067436946065212e-01 8.300635716622052351e-01
1.910120936149533599e-01 8.088582217418583964e-01
1.846040327480652221e-01 8.152662826087465620e-01
1.581388304593218108e-01 8.417314848974902786e-01
1.277136324888880625e-01 8.721566828679240269e-01
1.073694922978755822e-01 8.925008230589365210e-01
1.024409217431441199e-01 8.974293936136681360e-01
1.099833603796447484e-01 8.898869549771677434e-01
1.236688850758290575e-01 8.762014302809835176e-01
1.381089904079946529e-01 8.617613249488180749e-01
1.497951612491624507e-01 8.500751541076502216e-01
1.559248277470223765e-01 8.439454876097904901e-01
1.542211008043330722e-01 8.456492145524799886e-01
1.449380924673212279e-01 8.549322228894918885e-01
1.328647285859288762e-01 8.670055867708844621e-01
1.260485795141298160e-01 8.738217358426838555e-01
1.306504520531919511e-01 8.692198633036215538e-01
1.454722318484212296e-01 8.543980835083924141e-01
1.611827267678841158e-01 8.386875885889293336e-01
1.661256298600909953e-01 8.337446854967225374e-01
1.550752894631332035e-01 8.447950258936804957e-01
1.341571038142277406e-01 8.657132115425862917e-01
1.174729437123496478e-01 8.823973716444643012e-01
1.173012929120906545e-01 8.825690224447233501e-01
1.350251057305659474e-01 8.648452096262478905e-01
1.597261114492613820e-01 8.401442039075526225e-01
1.756452026401728039e-01 8.242251127166410063e-01
1.729765489307682758e-01 8.268937664260457288e-01
1.540991705267779621e-01 8.457711448300361257e-01
1.311099674803553050e-01 8.687603478764589493e-01
1.171871397134854331e-01 8.826831756433290987e-01
1.184962275243320318e-01 8.813740878324828332e-01
1.320150670326563636e-01 8.678552483241581683e-01
1.494571902057347246e-01 8.504131251510799183e-01
1.630439496256775034e-01 8.368263657311374448e-01
1.686779804471666144e-01 8.311923349096485003e-01
1.655509532271641771e-01 8.343193621296509654e-01
1.546607132832982512e-01 8.452096020735170301e-01
1.388634011868407070e-01 8.610069141699746575e-01
1.241661505235275853e-01 8.757041648332879458e-01
1.193246634417491070e-01 8.805456519150665073e-01
1.315887389119961004e-01 8.682815764448196250e-01
1.603777181524924100e-01 8.394925972043232321e-01
1.940916898275804325e-01 8.057786255292355149e-01
2.143965013711844891e-01 7.854738139856315415e-01
2.069769508670385449e-01 7.928933644897776523e-01
1.719803487700292677e-01 8.278899665867869295e-01
1.262299829646370275e-01 8.736403323921795305e-01
9.442195364916466938e-02 9.054483617076519719e-01
9.441568081258726319e-02 9.054546345442294752e-01
1.263217480834300799e-01 8.735485672733867002e-01
1.726682569247549315e-01 8.272020584320621817e-01
2.092269454654447358e-01 7.906433698913721830e-01
2.189369223268032572e-01 7.809333930300137450e-01
2.000111491171851774e-01 7.998591662396319357e-01
1.642745900011043370e-01 8.355957253557128039e-01
1.287399054161790235e-01 8.711304099406383949e-01
1.069997126516911423e-01 8.928706027051266370e-01
1.051625840732452050e-01 8.947077312835727270e-01
1.223549712982057031e-01 8.775153440586120901e-01
1.527251655664931818e-01 8.471451497903245142e-01
1.866938547743501320e-01 8.131764605824679526e-01
2.121853160081064449e-01 7.876849993487116119e-01
2.180301278333126314e-01 7.818401875235055920e-01
1.997252669160758942e-01 8.001450484407424124e-01
1.641222681093062463e-01 8.357480472475122824e-01
1.283310266195984428e-01 8.715392887372199748e-01
1.113583258999522457e-01 8.885119894568662691e-01
1.227423166940978805e-01 8.771279986627208425e-01
1.558859411231429126e-01 8.439843742336757826e-01
1.914631668831003886e-01 8.084071484737183066e-01
2.093328916851727173e-01 7.905374236716460334e-01
2.010511825384692086e-01 7.988191328183499307e-01
1.744124672749202132e-01 8.254578480818990371e-01
1.471847616030918515e-01 8.526855537537276764e-01
1.349556788496590054e-01 8.649146365071604947e-01
1.418256605363503731e-01 8.580446548204689883e-01
1.598599661922259774e-01 8.400103491645936060e-01
1.763399870868920527e-01 8.235303282699277805e-01
1.825150034999150073e-01 8.173553118569049092e-01
1.776423438101907282e-01 8.222279715466292993e-01
1.668176821520102326e-01 8.330526332048099336e-01
1.560210512320344134e-01 8.438492641247858916e-01
1.489248369920322390e-01 8.509454783647880660e-01
1.470720624469318838e-01 8.527982529098886433e-01
1.513677983633228974e-01 8.485025169934978795e-01
1.620192130483912307e-01 8.378511023084296294e-01
1.766075611647786592e-01 8.232627541920420899e-01
1.889753263761187185e-01 8.108949889807021139e-01
1.916830054114037063e-01 8.081873099454172094e-01
1.814533800397453156e-01 8.184169353170759331e-01
1.633396916684695110e-01 8.365306236883517377e-01
1.491567666331643505e-01 8.507135487236571203e-01
1.498969543677612370e-01 8.499733609890604003e-01
1.671988684377470613e-01 8.326714469190745760e-01
1.907050176763644966e-01 8.091652976804574182e-01
2.042708955058039344e-01 7.955994198510181192e-01
1.971787622256581662e-01 8.026915531311638041e-01
1.722276273926276191e-01 8.276426879641944900e-01
1.445017614938021444e-01 8.553685538630199092e-01
1.314689916054265773e-01 8.684013237513960037e-01
1.414904544512993745e-01 8.583798609055229845e-01
1.688097758909383739e-01 8.310605394658840961e-01
1.980208308521962113e-01 8.018494845046262309e-01
2.140880868863338227e-01 7.857822284704886195e-01
2.106320686826890221e-01 7.892382466741335589e-01
1.915811127451311213e-01 8.082892026116915707e-01
1.668398901045530514e-01 8.330304252522700015e-01
1.465134111550604468e-01 8.533569042017624673e-01
1.376476838223970045e-01 8.622226315344259095e-01
1.438098947295946561e-01 8.560604206272285355e-01
1.650733405374545659e-01 8.347969748193686534e-01
1.967207540979984126e-01 8.031495612588250843e-01
2.281041556311877161e-01 7.717661597256356698e-01
2.449147673896984179e-01 7.549555479671249403e-01
2.360742297263140332e-01 7.637960856305097135e-01
2.018591401020175535e-01 7.980111752548062487e-01
1.569747046819813530e-01 8.428956106748425325e-01
1.244794147730018674e-01 8.753909005838221846e-01
1.228634076667377700e-01 8.770069076900862681e-01
1.543447285534833013e-01 8.455255868033407785e-01
2.026316356930606133e-01 7.972386796637634943e-01
2.422658883958186404e-01 7.576044269610053838e-01
2.535937248272538969e-01 7.462765905295702940e-01
2.335310041503728673e-01 7.663393112064511570e-01
1.955278319845292767e-01 8.043424833722947476e-01
1.598779996420147120e-01 8.399923157148093678e-01
1.417823901868303094e-01 8.580879251699938814e-01
1.448900679258035007e-01 8.549802474310209677e-01
1.628831423879287255e-01 8.369871729688957984e-01
1.856982206922311585e-01 8.141720946645935042e-01
2.048827573733089380e-01 7.949875579835157247e-01
2.152521767333211433e-01 7.846181386235037136e-01
2.142059717229111149e-01 7.856643436339139086e-01
2.016921474911619883e-01 7.981781678656632018e-01
1.817132770349820514e-01 8.181570383218434994e-01
1.630683373202146957e-01 8.368019780366110494e-01
1.564302782462369812e-01 8.434400371105885696e-01
1.679634156134827139e-01 8.319068997433431978e-01
1.937462204364491791e-01 8.061240949203768436e-01
2.201571678566487389e-01 7.797131475001773948e-01
2.315198009372805288e-01 7.683505144195454939e-01
2.204373978057570793e-01 7.794329175510692487e-01
1.933407362940395002e-01 8.065295790627866612e-01
1.667004192867310997e-01 8.331698960700953949e-01
1.561950403742206339e-01 8.436752749826058606e-01
1.665215086702832026e-01 8.333488066865434307e-01
1.890951044069586195e-01 8.107752109498681525e-01
2.088988136786433802e-01 7.909715016781835306e-01
2.149758425876351076e-01 7.848944727691919976e-01
2.068245303409647629e-01 7.930457850158626476e-01
1.927417252080372290e-01 8.071285901487901260e-01
1.825650610015898123e-01 8.173052543552377092e-01
1.810208636453869424e-01 8.188494517114406346e-01
1.863123436492721274e-01 8.135579717075558381e-01
1.936204814978634281e-01 8.062498338589646485e-01
1.993896373769382946e-01 8.004806779798898653e-01
2.026827761229921809e-01 7.971875392338358957e-01
2.035344048539913520e-01 7.963359105028366969e-01
2.012900616600792891e-01 7.985802536967491205e-01
1.954547105779949334e-01 8.044156047788334485e-01
1.882442096118918107e-01 8.116261057449365435e-01
1.854015379665983621e-01 8.144687773902301586e-01
1.928743227644015845e-01 8.069959925924270472e-01
2.110545853085682988e-01 7.888157300482604439e-01
2.316308399004307073e-01 7.682394754563980355e-01
2.411152696063171286e-01 7.587550457505116697e-01
2.299337833817867160e-01 7.699365319750419712e-01
2.007385806326688615e-01 7.991317347241599922e-01
1.690341039016282076e-01 8.308362114552008126e-01
1.543990515646412043e-01 8.454712637921879548e-01
1.677654732781412306e-01 8.321048420786877342e-01
2.036550629325723505e-01 7.962152524242567253e-01
2.430294948847325498e-01 7.568408204720964427e-01
2.648549673289715134e-01 7.350153480278575069e-01
2.584232717082113329e-01 7.414470436486180205e-01
2.284477114505743256e-01 7.714226039062549445e-01
1.906173998521818458e-01 8.092529155046477296e-01
1.619232885716554993e-01 8.379470267851741871e-01
1.526197671792650090e-01 8.472505481775649550e-01
1.638755997248273477e-01 8.359947156320026718e-01
1.901500914728386227e-01 8.097202238839913413e-01
2.225774734537982469e-01 7.772928419030317171e-01
2.509592720224357865e-01 7.489110433343943996e-01
2.651735757006021821e-01 7.346967396562280594e-01
2.581476789749138634e-01 7.417226363819164892e-01
2.304240202247876401e-01 7.694462951320431010e-01
1.929761037797724232e-01 8.068942115770585399e-01
1.641931212930765049e-01 8.356771940637544027e-01
1.605703068604453776e-01 8.393000084963855301e-01
1.861379263364840164e-01 8.137323890203470578e-01
2.282020118236491313e-01 7.716683035331819429e-01
2.636251758567951242e-01 7.362451395000358945e-01
2.725376415803598684e-01 7.273326737764712613e-01
2.505892563138536477e-01 7.492810590429775930e-01
2.113853678464707453e-01 7.884849475103608007e-01
1.775110300516591355e-01 8.223592853051726603e-01
1.664997582401580856e-01 8.333705571166738491e-01
1.812434083559622267e-01 8.186269070008700410e-01
2.105117352578051437e-01 7.893585800990269297e-01
2.377546505955787925e-01 7.621156647612533641e-01
2.510914574745054528e-01 7.487788578823267871e-01
2.479973346380203447e-01 7.518729807188119230e-01
2.333555115211391195e-01 7.665148038356933702e-01
2.145097285624001926e-01 7.853605867944325469e-01
1.978254205292743761e-01 8.020448948275584744e-01
1.881760432530170113e-01 8.116942721038158393e-01
1.892955702557790054e-01 8.105747451010538729e-01
2.025353993585593815e-01 7.973349159982736634e-01
2.243426061090776358e-01 7.755277092477553813e-01
2.455578728891109064e-01 7.543124424677221107e-01
2.551412859870621497e-01 7.447290293697710339e-01
2.471027234691574037e-01 7.527675918876759464e-01
2.256634411280677432e-01 7.742068742287656624e-01
2.038432359173698027e-01 7.960270794394637139e-01
1.953239444265271185e-01 8.045463709303063427e-01
2.050185505227370142e-01 7.948517648340966968e-01
2.254640986490935028e-01 7.744062167077404579e-01
2.421194464147441161e-01 7.577508689420897614e-01
2.438465526197894084e-01 7.560237627370443025e-01
2.307484627384179532e-01 7.691218526184160353e-01
2.135418813352770451e-01 7.863284340215571655e-01
2.052031200826208435e-01 7.946671952742132561e-01
2.114689565867911569e-01 7.884013587700429149e-01
2.272836836404263372e-01 7.725866317164078456e-01
2.412917614601520766e-01 7.585785538966822728e-01
2.442565166080680750e-01 7.556137987487659968e-01
2.348462280601505969e-01 7.650240872966834749e-01
2.191393384630472563e-01 7.807309768937872319e-01
2.055208409211547738e-01 7.943494744356797144e-01
1.997332238202074728e-01 8.001370915366270431e-01
2.034610654365899274e-01 7.964092499202447550e-01
2.158635900773078209e-01 7.840067252795268615e-01
2.349345470944924075e-01 7.649357682623422194e-01
2.567583563150961923e-01 7.431119590417383236e-01
2.741333124273958033e-01 7.257370029294389902e-01
2.778725325507215294e-01 7.219977828061133751e-01
2.620562791939794467e-01 7.378140361628557908e-01
2.301525113737933337e-01 7.697178039830421259e-01
1.964517114516351748e-01 8.034186039052002570e-01
1.796624579217583340e-01 8.202078574350771811e-01
1.915238811664528029e-01 8.083464341903827677e-01
2.280850429680076064e-01 7.717852723888278810e-01
2.705013405966711915e-01 7.293689747601643791e-01
2.957961945185308417e-01 7.040741208383045624e-01
2.907400190825846775e-01 7.091302962742510596e-01
2.595281714871325307e-01 7.403421438697033174e-01
2.203266429806009508e-01 7.795436723762350084e-01
1.936238530444397421e-01 8.062464623123963836e-01
1.906450844069088046e-01 8.092252309499272656e-01
2.090562854436794349e-01 7.908140299131567463e-01
2.371737598589339080e-01 7.626965554979023842e-01
2.620121893294469206e-01 7.378581260273895381e-01
2.751760952470914123e-01 7.246942201097450464e-01
2.740334800846861429e-01 7.258368352721504824e-01
2.600597709836930393e-01 7.398105443731437525e-01
2.376526368697545744e-01 7.622176784870823285e-01
2.143663858365699171e-01 7.855039295202668193e-01
2.003888071095813739e-01 7.994815082472557233e-01
2.048185125191893385e-01 7.950518028376478696e-01
2.295577166812914627e-01 7.703125986755456900e-01
2.653224409667971351e-01 7.345478743900402119e-01
2.943835534633022499e-01 7.054867618935349860e-01
3.001611222606388463e-01 6.997091930961986117e-01
2.779955574555738052e-01 7.218747579012638749e-01
2.393294095718104808e-01 7.605409057850275323e-01
2.055061427840723098e-01 7.943641725727658143e-01
1.947928418027513042e-01 8.050774735540869864e-01
2.113530256331375701e-01 7.885172897237007206e-01
2.436009471940359661e-01 7.562693681628023246e-01
2.725753843363858397e-01 7.272949310204526174e-01
2.839509919416770556e-01 7.159193234151615126e-01
2.753866853744361687e-01 7.244836299824022330e-01
2.551922458552013939e-01 7.446780695016370633e-01
2.349569472161011641e-01 7.649133681407375152e-01
2.224682284174983038e-01 7.774020869393408750e-01
2.195179824130582824e-01 7.803523329437809242e-01
2.242780964100258567e-01 7.755922189468132943e-01
2.344092994958884568e-01 7.654610158609509440e-01
2.477344425752501522e-01 7.521358727815893319e-01
2.608700987124244475e-01 7.390002166444151754e-01
2.688135789083495042e-01 7.310567364484900077e-01
2.674715982226994471e-01 7.323987171341400648e-01
2.575477452615177465e-01 7.423225700953217654e-01
2.457999751949468126e-01 7.540703401618930046e-01
2.412161373600494874e-01 7.586541779967902466e-01
2.481672410166443909e-01 7.517030743401955650e-01
2.620311584661865201e-01 7.378391568906533804e-01
2.716342546383425094e-01 7.282360607184974466e-01
2.675493543473339564e-01 7.323209610095061661e-01
2.501042645059439740e-01 7.497660508508960930e-01
2.304814833986973399e-01 7.693888319581430046e-01
2.233490350590082441e-01 7.765212802978321838e-01
2.361690254207038375e-01 7.637012899361367291e-01
2.632134312811851840e-01 7.366568840756554382e-01
2.889083930412600920e-01 7.109619223155805301e-01
2.980903154010764444e-01 7.017799999557643442e-01
2.856932664806692834e-01 7.141770488761716162e-01
2.592002011042728871e-01 7.406701142525680126e-01
2.329339005033086440e-01 7.669364148535322556e-01
2.191180499519225777e-01 7.807522654049183775e-01
2.220710460148838661e-01 7.777992693419573111e-01
2.383597576932302009e-01 7.615105576636110873e-01
2.607988155320792312e-01 7.390714998247620571e-01
2.821124272997163063e-01 7.177578880571249265e-01
2.961079670687072340e-01 7.037623482881339987e-01
2.977085269282679914e-01 7.021617884285734634e-01
2.843962139322885885e-01 7.154741014245532549e-01
2.593133289259551000e-01 7.405569864308867434e-01
2.329577502827192004e-01 7.669125650741225320e-01
2.198962155222688175e-01 7.799740998345729981e-01
2.305260025601624241e-01 7.693443127966793638e-01
2.628778645882712262e-01 7.369924507685707837e-01
3.011375081818775667e-01 6.987328071749643321e-01
3.236641321989193743e-01 6.762061831579223581e-01
3.162542305294228084e-01 6.836160848274193125e-01
2.817691272068911790e-01 7.181011881499508309e-01
2.390827487722562150e-01 7.607875665845860169e-01
2.116412645310040697e-01 7.882290508258382733e-01
2.132922626899807494e-01 7.865780526668617600e-01
2.408100542817505352e-01 7.590602610750920576e-01
2.774674656669275929e-01 7.224028496899151941e-01
3.041646421650214815e-01 6.957056731918211945e-01
3.100249932666623298e-01 6.898453220901804572e-01
2.960776860342078654e-01 7.037926293226350882e-01
2.715695767220708268e-01 7.283007386347720713e-01
2.474545678472986898e-01 7.524157475095443193e-01
2.320033081796501473e-01 7.678670071771928063e-01
2.299130776841077362e-01 7.699572376727354950e-01
2.427138533835331013e-01 7.571564619733099910e-01
2.680339799334452433e-01 7.318363354233983209e-01
2.981514596799481609e-01 7.017188556768950702e-01
3.207941075735097347e-01 6.790762077833338850e-01
3.242358552806334226e-01 6.756344600762100860e-01
3.047128158899936601e-01 6.951574994668500151e-01
2.707655317289617281e-01 7.291047836278820027e-01
2.400027839922122264e-01 7.598675313646319207e-01
2.290523527673525572e-01 7.708179625894912013e-01
2.430903329673771152e-01 7.567799823894670874e-01
2.724726861772467368e-01 7.273976291795976046e-01
2.992100072391142840e-01 7.006603081177299464e-01
3.088166349523609466e-01 6.910536804044833392e-01
2.991047859706940093e-01 7.007655293861504431e-01
2.799596779765212151e-01 7.199106373803231262e-01
2.650299231376015974e-01 7.348403922192430215e-01
2.620853780393426757e-01 7.377849373175020542e-01
2.690663420850161192e-01 7.308039732718285553e-01
2.777598048374235185e-01 7.221105105194214335e-01
2.810565165511240693e-01 7.188137988057209382e-01
2.776980188091343615e-01 7.221722965477104239e-01
2.714949408305432632e-01 7.283753745263017443e-01
2.670119724193108501e-01 7.328583429375340463e-01
2.661924337057618439e-01 7.336778816510834966e-01
2.685313648468892755e-01 7.313389505099561205e-01
2.734484436344379876e-01 7.264218717224073529e-01
2.814412258638667175e-01 7.184290894929789006e-01
2.923406314840687470e-01 7.075296838727769266e-01
3.026547238234648107e-01 6.972155915333813070e-01
3.057253883986779108e-01 6.941449269581678738e-01
2.961612418907929034e-01 7.037090734660529368e-01
2.755801219569583571e-01 7.242901933998876496e-01
2.543165813179052437e-01 7.455537340389410961e-01
2.461530298301289887e-01 7.537172855267172400e-01
2.588162976877254051e-01 7.410540176691210457e-01
2.872093557881674197e-01 7.126609595686788090e-01
3.151770956017124758e-01 6.846932197551339749e-01
3.254640140802408932e-01 6.744063012766055021e-01
3.111339660438431909e-01 6.887363493130035375e-01
2.802857190330127479e-01 7.195845963238339804e-01
2.507195562204441175e-01 7.491507591364028329e-01
2.385405235108512267e-01 7.613297918459955849e-01
2.487894164057261603e-01 7.510808989511209566e-01
2.740647626813783599e-01 7.258055526754687570e-01
3.008110010192342476e-01 6.990593143376130358e-01
3.177190286484126158e-01 6.821512867084347231e-01
3.204158832048796812e-01 6.794544321519672136e-01
3.107800322078768107e-01 6.890902831489702507e-01
2.936829854058109479e-01 7.061873299510363911e-01
2.748800784527982155e-01 7.249902369040490679e-01
2.609553112020198684e-01 7.389150041548274706e-01
2.590121894516166368e-01 7.408581259052308132e-01
2.737209140237310545e-01 7.261494013331165620e-01
3.026352851258676258e-01 6.972350302309797687e-01
3.340339286506800454e-01 6.658363867061674046e-01
3.511205398389329879e-01 6.487497755179145731e-01
3.417395361413579913e-01 6.581307792154897918e-01
3.074886939323082657e-01 6.923816214245397394e-01
2.650598638702443277e-01 7.348104514866037329e-01
2.374688768501573843e-01 7.624014385066908428e-01
2.402362057059876654e-01 7.596341096508605339e-01
2.717449313559536783e-01 7.281253840008945488e-01
3.144067294541392776e-01 6.854635859027088385e-01
3.456995413126960903e-01 6.541707740441520258e-01
3.513611265271353035e-01 6.485091888297129792e-01
3.321117265312606426e-01 6.677585888255876956e-01
3.005844648477428160e-01 6.992858505091057442e-01
2.721868722073517710e-01 7.276834431494969557e-01
2.569468526653763130e-01 7.429234626914726913e-01
2.570225909695106892e-01 7.428477243873381486e-01
2.692541902745084204e-01 7.306161250823406395e-01
2.886788557957418733e-01 7.111914595611072976e-01
3.098531894932353148e-01 6.900171258636139671e-01
3.264510959513811095e-01 6.734192194054680058e-01
3.319558749339794335e-01 6.679144404228698484e-01
3.229371473716960428e-01 6.769331679851532391e-01
3.028231045567588153e-01 6.970472108000906886e-01
2.820870322725216317e-01 7.177832830843278167e-01
2.728765203767955505e-01 7.269937949800540089e-01
2.809223143567497472e-01 7.189480010000998123e-01
3.007902442608709759e-01 6.990800710959788056e-01
3.188549602725724297e-01 6.810153550842775738e-01
3.226055279798071829e-01 6.772647873770425431e-01
3.096294269374065822e-01 6.902408884194433103e-01
2.894009582796254754e-01 7.104693570772245836e-01
2.763331328876879045e-01 7.235371824691625431e-01
2.792908269050514702e-01 7.205794884517988663e-01
2.954697108568341557e-01 7.044006045000166250e-01
3.130351903049252149e-01 6.868351250519254547e-01
3.200867909863790439e-01 6.797835243704717367e-01
3.128967901559351339e-01 6.869735252009159243e-01
2.975077433820509931e-01 7.023625719748000096e-01
2.843699596836656296e-01 7.155003556731855952e-01
2.809358780328204408e-01 7.189344373240310615e-01
2.878609224735905192e-01 7.120093928832608166e-01
3.006372169224484359e-01 6.992330984344030664e-01
3.138702367067099930e-01 6.860000786501416759e-01
3.240289178294629702e-01 6.758413975273885876e-01
3.290961389662958592e-01 6.707741763905558097e-01
3.271548994058962045e-01 6.727154159509554088e-01
3.168760198044541232e-01 6.829942955523976567e-01
3.002540400579873925e-01 6.996162752988648315e-01
2.845354296004254935e-01 7.153348857564267860e-01
2.798359453293430832e-01 7.200343700275093628e-01
2.924781438889170193e-01 7.073921714679353157e-01
3.186618788426205384e-01 6.812084365142317965e-01
3.442919710226203245e-01 6.555783443342320105e-01
3.528041856335888404e-01 6.470661297232637166e-01
3.364154714625670062e-01 6.634548438942854398e-01
3.026768898305373656e-01 6.971934255263152469e-01
2.708832552553244177e-01 7.289870601015285834e-01
2.601421315630323416e-01 7.397281837938206595e-01
2.771793567992387741e-01 7.226909585576144490e-01
3.122868213007456428e-01 6.875834940561076358e-01
3.459037000042244347e-01 6.539666153526285663e-01
3.607956626995212912e-01 6.390746526573316544e-01
3.514073061757334582e-01 6.484630091811197650e-01
3.249359732457069994e-01 6.749343421111462238e-01
2.951222736965354310e-01 7.047480416603179032e-01
2.743594557737601969e-01 7.255108595830932483e-01
2.692703441637431805e-01 7.305999711931102647e-01
2.807058690188787287e-01 7.191644463379749386e-01
3.054395927579646730e-01 6.944307225988888277e-01
3.368363089534262556e-01 6.630340064034274672e-01
3.647733555516268211e-01 6.350969598052267351e-01
3.774726908666020675e-01 6.223976244902515997e-01
3.667593572337816132e-01 6.331109581230720540e-01
3.343524863117566248e-01 6.655178290450973755e-01
2.939818541801854090e-01 7.058884611766687023e-01
2.657718238982105241e-01 7.340984914586439203e-01
2.649251995103662494e-01 7.349451158464882505e-01
2.918872736849394967e-01 7.079830416719151698e-01
3.312456670104180212e-01 6.686246483464366452e-01
3.608893134007121750e-01 6.389810019561424914e-01
3.655434365958395437e-01 6.343268787610151227e-01
3.455084697850100417e-01 6.543618455718448468e-01
3.149409412614306847e-01 6.849293740954244258e-01
2.916161108930458989e-01 7.082542044638092671e-01
2.858969319522869923e-01 7.139733834045682848e-01
2.963148653028084833e-01 7.035554500540468492e-01
3.134722980984722684e-01 6.863980172583830086e-01
3.278008557594679351e-01 6.720694595973873975e-01
3.348827568358891393e-01 6.649875585209662487e-01
3.353852373754582783e-01 6.644850779813971098e-01
3.316601118455103081e-01 6.682102035113450800e-01
3.252476165671061015e-01 6.746226987897492311e-01
3.174137495634662964e-01 6.824565657933893137e-01
3.110078211607488763e-01 6.888624941961069004e-01
3.103263105571421598e-01 6.895440047997132282e-01
3.178939238492111130e-01 6.819763915076447747e-01
3.308543681931594982e-01 6.690159471636962785e-01
3.410702817389993369e-01 6.588000336178564398e-01
3.402650430166127560e-01 6.596052723402432427e-01
3.268066949453511949e-01 6.730636204115050258e-01
3.084040426316814187e-01 6.914662727251748020e-01
2.976075272412236350e-01 7.022627881156326968e-01
3.027941718862941500e-01 6.970761434705621262e-01
3.214455825779137799e-01 6.784247327789425519e-01
3.412645979281149766e-01 6.586057174287415217e-01
3.487248698434340932e-01 6.511454455134223496e-01
3.387494098598775039e-01 6.611209054969792165e-01
3.182239665054531486e-01 6.816463488514037383e-01
3.008310027545806342e-01 6.990393126022763637e-01
2.973556380649381992e-01 7.025146772919190763e-01
3.087978628319410501e-01 6.910724525249163364e-01
3.269524132383986315e-01 6.729179021184584775e-01
3.410792859602715943e-01 6.587910293965856257e-01
3.449597459503754848e-01 6.549105694064818461e-01
3.393081137520104207e-01 6.605622016048471323e-01
3.290506852056924170e-01 6.708196301511653026e-01
3.191067893409266221e-01 6.807635260159312640e-01
3.125276303935873856e-01 6.873426849632708890e-01
3.115040808827955754e-01 6.883662344740626438e-01
3.184549723534725318e-01 6.814153430033859093e-01
3.345104375486598336e-01 6.653598778081986076e-01
3.561024381547094331e-01 6.437678772021488971e-01
3.735655951296912303e-01 6.263047202271672109e-01
3.750633122197510883e-01 6.248070031371075750e-01
3.546741682258205963e-01 6.451961471310383445e-01
3.188806728524593570e-01 6.809896425043994173e-01
2.854436680564199635e-01 7.144266473004390328e-01
2.737362187520518964e-01 7.261340966048071000e-01
2.923592512306560365e-01 7.075110641262032374e-01
3.327309358941809014e-01 6.671393794626785390e-01
3.736215005102826447e-01 6.262488148465769067e-01
3.938737373266341657e-01 6.059965780302253302e-01
3.847282189596462065e-01 6.151420963972134004e-01
3.537269128649772054e-01 6.461434024918824015e-01
3.184920808576116036e-01 6.813782344992485029e-01
2.956882967202029699e-01 7.041820186366571921e-01
2.928745316829180489e-01 7.069957836739422241e-01
3.074828600301235948e-01 6.923874553267366228e-01
3.313084108957633500e-01 6.685619044610967565e-01
3.556159042256958891e-01 6.442544111311642174e-01
3.734109254121772969e-01 6.264593899446827541e-01
3.793920241607610655e-01 6.204782911960990965e-01
3.704252882515378653e-01 6.294450271053226853e-01
3.479145146498688335e-01 6.519558007069917727e-01
3.199747512562883811e-01 6.798955641005722805e-01
2.997649119535220619e-01 7.001054034033387108e-01
2.988602641314629382e-01 7.010100512253980565e-01
3.192867107669634108e-01 6.805836045898971953e-01
3.503945463773983082e-01 6.494757689794625755e-01
3.741832842294313677e-01 6.256870311274296270e-01
3.764553855111718583e-01 6.234149298456892474e-01
3.562216910032202088e-01 6.436486243536410079e-01
3.264322976373047469e-01 6.734380177195566919e-01
3.052590667946159519e-01 6.946112485622457644e-01
3.041267605131996454e-01 6.957435548436619044e-01
3.209835956665173518e-01 6.788867196903441981e-01
3.431448251880170330e-01 6.567254901688445168e-01
3.568346839877658550e-01 6.430356313690956949e-01
3.560095000405231747e-01 6.438608153163385417e-01
3.444846911764776753e-01 6.553856241803842630e-01
3.311491732512119590e-01 6.687211421056500349e-01
3.231528518348513179e-01 6.767174635220107870e-01
3.224332065577926731e-01 6.774371087990698204e-01
3.270716422526611100e-01 6.727986731042011614e-01
3.346374045123884922e-01 6.652329108444738903e-01
3.437264935733907456e-01 6.561438217834718589e-01
3.527246822514276126e-01 6.471456331054350475e-01
3.582588379196209871e-01 6.416114774372418950e-01
3.562933112632906685e-01 6.435770040935723246e-01
3.458452018802847250e-01 6.540251134765782126e-01
3.318407915147746912e-01 6.680295238420884685e-01
3.233960490686104694e-01 6.764742662882526902e-01
3.275318047634234730e-01 6.723385105934397421e-01
3.428971796869251243e-01 6.569731356699382019e-01
3.591397993168504721e-01 6.407305160400129651e-01
3.635917050723641575e-01 6.362786102844992797e-01
3.508779848482999619e-01 6.489923305085634198e-01
3.280255742304137856e-01 6.718447411264498736e-01
3.105547983582960248e-01 6.893155169985675235e-01
3.118747798504324376e-01 6.879955355064313327e-01
3.336457488184276787e-01 6.662245665384362026e-01
3.642363618061970620e-01 6.356339535506667637e-01
3.863484368458866003e-01 6.135218785109773920e-01
3.881273557482105563e-01 6.117429596086534360e-01
3.699059038953541045e-01 6.299644114615101653e-01
3.425599188159247355e-01 6.573103965409397009e-01
3.198489893122248851e-01 6.800213260446394958e-01
3.108694371622360841e-01 6.890008781946286298e-01
3.172878208357562957e-01 6.825824945211085293e-01
3.353280840566221777e-01 6.645422313002427028e-01
3.589884107866788132e-01 6.408819045701863448e-01
3.814773082714633667e-01 6.183930070854019023e-01
3.951985080571980835e-01 6.046718072996670745e-01
3.929849184860578770e-01 6.068853968708076696e-01
3.720369945994169703e-01 6.278333207574486874e-01
3.382819866247487872e-01 6.615883287321169259e-01
3.065450588408491495e-01 6.933252565160166192e-01
2.939776415167688062e-01 7.058926738400972400e-01
3.095942923013416670e-01 6.902760230555240462e-01
3.470294537733680795e-01 6.528408615834979667e-01
3.866031514926391854e-01 6.132671638642268608e-01
4.065297245491522049e-01 5.933405908077139523e-01
3.962152450867030828e-01 6.036550702701631854e-01
3.625978579950198122e-01 6.372724573618463451e-01
3.252323029063870496e-01 6.746380124504792741e-01
3.037869780807529452e-01 6.960833372761133786e-01
3.067090573141976750e-01 6.931612580426687042e-01
3.282753002785829821e-01 6.715950150782834527e-01
3.546482244254114402e-01 6.452220909314549946e-01
3.733061786594395470e-01 6.265641366974268323e-01
3.790017824058189433e-01 6.208685329510478246e-01
3.734650819815147349e-01 6.264052333753521440e-01
3.613800499101266772e-01 6.384902654467401462e-01
3.471870471043048134e-01 6.526832682525622875e-01
3.348613165789954826e-01 6.650089987778715628e-01
3.289246509308209609e-01 6.709456644260461955e-01
3.335830772496483076e-01 6.662872381072189043e-01
3.493314347114053753e-01 6.505388806454620587e-01
3.700277827669144481e-01 6.298425325899530414e-01
3.843680653141940406e-01 6.155022500426735599e-01
3.824308426367080127e-01 6.174394727201595323e-01
3.631368490584331310e-01 6.367334662984345250e-01
3.365611546614174499e-01 6.633091606954504282e-01
3.182950563843818803e-01 6.815752589724859423e-01
3.192215171830434794e-01 6.806487981738245097e-01
3.380757654667541079e-01 6.617945498901141033e-01
3.624470731798856149e-01 6.374232421769827628e-01
3.775568028431762757e-01 6.223135125136920465e-01
3.762400881877802084e-01 6.236302271690881138e-01
3.628268297374050988e-01 6.370434856194634454e-01
3.485786801891473941e-01 6.512916351677215943e-01
3.428608770831363950e-01 6.570094382737327043e-01
3.470475194291678944e-01 6.528227959277013159e-01
3.552734863966687251e-01 6.445968289602004297e-01
3.603314811686040287e-01 6.395388341882654037e-01
3.592540975655288404e-01 6.406162177913403699e-01
3.542912807529262076e-01 6.455790346039430583e-01
3.495570459820754317e-01 6.503132693747942783e-01
3.472624706141073658e-01 6.526078447427622331e-01
3.470539391566190845e-01 6.528163762002507919e-01
3.483187609877963498e-01 6.515515543690734157e-01
3.521666607537574656e-01 6.477036546031120778e-01
3.602676975878797982e-01 6.396026177689900782e-01
3.713513548821996690e-01 6.285189604746703740e-01
3.793094647530350638e-01 6.205608506038352568e-01
3.761324888942140787e-01 6.237378264626561863e-01
3.585460843530016706e-01 6.413242310038690386e-01
3.330374347524206469e-01 6.668328806044501178e-01
3.140817488323482953e-01 6.857885665245223583e-01
3.153533478155842174e-01 6.845169675412867694e-01
3.397004508188365968e-01 6.601698645380342789e-01
3.755457850511974560e-01 6.243245303056735862e-01
4.031467671887212223e-01 5.967235481681496534e-01
4.068599106360755724e-01 5.930104047207955809e-01
3.849411046358781618e-01 6.149292107209929359e-01
3.501783844761003350e-01 6.496919308807709292e-01
3.213860967471307006e-01 6.784842186097405081e-01
3.121553888881282157e-01 6.877149264687432151e-01
3.244298241440134456e-01 6.754404912128579852e-01
3.500264963382464511e-01 6.498438190186250907e-01
3.772043322154379208e-01 6.226659831414336210e-01
3.966751766652594213e-01 6.031951386916123425e-01
4.036495649213048820e-01 5.962207504355669929e-01
3.968691058869049382e-01 6.030012094699670477e-01
3.778316736006960275e-01 6.220386417561761805e-01
3.517427080195635325e-01 6.481276073373088975e-01
3.282929898350404607e-01 6.715773255218320248e-01
3.190930289119016661e-01 6.807772864449711525e-01
3.312792972691636639e-01 6.685910180877091546e-01
3.612054434617022469e-01 6.386648718951704051e-01
3.938796689517558014e-01 6.059906464051170172e-01
4.105023985996538172e-01 5.893679167572187794e-01
4.001815328434651375e-01 5.996887825134079586e-01
3.677881083072458424e-01 6.320822070496272538e-01
